YEAR,MO,DY,HR,T2M,RH2M,PRECTOTCORR,WS10M
2021,1,1,0,11.5,95,0.0,0.0
2021,1,1,3,18.0,69,0.0,4.0
2021,1,1,6,25.0,50,0.0,5.0
2021,1,1,9,26.0,44,0.0,3.0
2021,1,1,12,20.0,70,0.0,0.0
2021,1,1,15,15.5,89,0.0,0.0
2021,1,1,18,14.2,91,0.0,0.0
2021,1,1,21,12.2,92,0.0,0.0
2021,1,2,0,11.0,95,0.0,0.0
2021,1,2,3,16.4,79,0.0,6.0
2021,1,2,6,24.0,49,0.0,8.0
2021,1,2,9,26.0,37,0.0,0.0
2021,1,2,12,20.0,60,0.0,0.0
2021,1,2,15,16.5,84,0.0,0.0
2021,1,2,18,14.5,91,0.0,0.0
2021,1,2,21,13.0,91,0.0,0.0
2021,1,3,0,12.0,87,0.0,0.0
2021,1,3,3,17.0,78,0.0,6.0
2021,1,3,6,24.0,51,0.0,6.0
2021,1,3,9,26.6,38,0.0,5.0
2021,1,3,12,20.5,68,0.0,0.0
2021,1,3,15,16.8,86,0.0,0.0
2021,1,3,18,15.0,89,0.0,0.0
2021,1,3,21,14.2,91,0.0,0.0
2021,1,4,0,13.5,94,0.0,0.0
2021,1,4,3,18.4,69,0.0,0.0
2021,1,4,6,25.0,43,0.0,6.0
2021,1,4,9,26.8,41,0.0,0.0
2021,1,4,12,22.0,64,0.0,0.0
2021,1,4,15,17.4,85,0.0,0.0
2021,1,4,18,15.6,89,0.0,0.0
2021,1,4,21,14.0,91,0.0,0.0
2021,1,5,0,13.5,94,0.0,0.0
2021,1,5,3,19.0,69,0.0,0.0
2021,1,5,6,26.0,41,0.0,5.0
2021,1,5,9,28.0,34,0.0,0.0
2021,1,5,12,21.4,61,0.0,0.0
2021,1,5,15,16.5,84,0.0,0.0
2021,1,5,18,15.5,91,0.0,0.0
2021,1,5,21,16.2,93,0.0,0.0
2021,1,6,0,16.0,94,0.0,0.0
2021,1,6,3,20.0,70,0.0,0.0
2021,1,6,6,25.0,58,0.0,0.0
2021,1,6,9,26.8,57,0.0,5.0
2021,1,6,12,22.0,80,0.0,0.0
2021,1,6,15,19.0,90,0.0,0.0
2021,1,6,18,17.5,89,0.0,0.0
2021,1,6,21,16.5,92,0.0,0.0
2021,1,7,0,15.5,94,0.0,0.0
2021,1,7,3,17.8,92,0.0,0.0
2021,1,7,6,24.0,67,0.0,0.0
2021,1,7,9,26.5,59,0.0,0.0
2021,1,7,12,23.5,73,0.0,0.0
2021,1,7,15,19.2,88,0.0,0.0
2021,1,7,18,18.0,89,0.0,0.0
2021,1,7,21,17.0,91,0.0,0.0
2021,1,8,0,16.4,93,0.0,0.0
2021,1,8,3,18.0,85,0.0,0.0
2021,1,8,6,23.5,64,0.0,0.0
2021,1,8,9,26.2,49,0.0,0.0
2021,1,8,12,20.4,76,0.0,0.0
2021,1,8,15,17.8,92,0.0,0.0
2021,1,8,18,17.5,94,0.0,0.0
2021,1,8,21,16.0,96,0.0,0.0
2021,1,9,0,14.6,98,0.0,0.0
2021,1,9,3,15.5,99,0.0,0.0
2021,1,9,6,23.0,72,0.0,0.0
2021,1,9,9,26.0,55,0.0,0.0
2021,1,9,12,20.7,77,0.0,0.0
2021,1,9,15,18.5,93,0.0,0.0
2021,1,9,18,17.3,95,0.0,0.0
2021,1,9,21,15.2,95,0.0,0.0
2021,1,10,0,14.0,97,0.0,0.0
2021,1,10,3,17.0,95,0.0,0.0
2021,1,10,6,23.2,62,0.0,5.0
2021,1,10,9,25.5,55,0.0,4.0
2021,1,10,12,22.0,62,0.0,0.0
2021,1,10,15,18.5,90,0.0,0.0
2021,1,10,18,17.0,91,0.0,0.0
2021,1,10,21,15.4,95,0.0,0.0
2021,1,11,0,15.0,98,0.0,0.0
2021,1,11,3,17.2,98,0.0,0.0
2021,1,11,6,22.4,77,0.0,0.0
2021,1,11,9,24.5,65,0.0,5.0
2021,1,11,12,21.5,80,0.0,0.0
2021,1,11,15,19.0,90,0.0,0.0
2021,1,11,18,17.6,94,0.0,0.0
2021,1,11,21,16.0,94,0.0,0.0
2021,1,12,0,15.2,95,0.0,0.0
2021,1,12,3,17.2,93,0.0,5.0
2021,1,12,6,23.0,80,0.0,8.0
2021,1,12,9,23.5,50,0.0,6.0
2021,1,12,12,17.5,73,0.0,0.0
2021,1,12,15,14.6,82,0.0,0.0
2021,1,12,18,13.8,86,0.0,0.0
2021,1,12,21,12.6,95,0.0,5.0
2021,1,13,0,11.5,96,0.0,5.0
2021,1,13,3,13.0,90,0.0,4.0
2021,1,13,6,19.2,63,0.0,6.0
2021,1,13,9,21.7,53,0.0,5.0
2021,1,13,12,17.5,84,0.0,6.0
2021,1,13,15,13.5,84,0.0,0.0
2021,1,13,18,12.0,91,0.0,0.0
2021,1,13,21,9.4,92,0.0,0.0
2021,1,14,0,8.6,94,0.0,0.0
2021,1,14,3,13.2,90,0.0,0.0
2021,1,14,6,20.6,53,0.0,5.0
2021,1,14,9,22.0,42,0.0,0.0
2021,1,14,12,18.0,69,0.0,0.0
2021,1,14,15,13.7,86,0.0,0.0
2021,1,14,18,12.2,91,0.0,0.0
2021,1,14,21,11.0,93,0.0,0.0
2021,1,15,0,10.0,97,0.0,0.0
2021,1,15,3,13.2,93,0.0,0.0
2021,1,15,6,21.0,58,0.0,0.0
2021,1,15,9,21.5,62,0.0,6.0
2021,1,15,12,18.0,78,0.0,0.0
2021,1,15,15,15.0,89,0.0,0.0
2021,1,15,18,14.0,91,0.0,0.0
2021,1,15,21,12.2,94,0.0,0.0
2021,1,16,0,11.8,97,0.0,5.0
2021,1,16,3,12.0,97,0.0,5.0
2021,1,16,6,13.6,90,0.0,5.0
2021,1,16,9,17.5,69,0.0,0.0
2021,1,16,12,15.0,83,0.0,0.0
2021,1,16,15,13.0,94,0.0,0.0
2021,1,16,18,11.5,95,0.0,0.0
2021,1,16,21,11.0,95,0.0,0.0
2021,1,17,0,10.5,96,0.0,0.0
2021,1,17,3,12.5,94,0.0,0.0
2021,1,17,6,15.0,86,0.0,0.0
2021,1,17,9,19.6,76,0.0,0.0
2021,1,17,12,18.0,81,0.0,0.0
2021,1,17,15,14.0,93,0.0,0.0
2021,1,17,18,12.5,94,0.0,0.0
2021,1,17,21,12.0,95,0.0,0.0
2021,1,18,0,12.2,95,0.0,0.0
2021,1,18,3,15.0,93,0.0,0.0
2021,1,18,6,23.0,68,0.0,5.0
2021,1,18,9,25.8,53,0.0,0.0
2021,1,18,12,21.0,71,0.0,0.0
2021,1,18,15,17.0,89,0.0,0.0
2021,1,18,18,15.5,94,0.0,0.0
2021,1,18,21,14.4,95,0.0,0.0
2021,1,19,0,13.4,97,0.0,0.0
2021,1,19,3,14.8,97,0.0,0.0
2021,1,19,6,17.8,89,0.0,5.0
2021,1,19,9,23.4,55,0.0,0.0
2021,1,19,12,20.0,75,0.0,0.0
2021,1,19,15,18.0,95,0.0,0.0
2021,1,19,18,15.4,95,0.0,0.0
2021,1,19,21,14.4,95,0.0,0.0
2021,1,20,0,13.5,97,0.0,0.0
2021,1,20,3,16.0,94,0.0,0.0
2021,1,20,6,21.0,75,0.0,4.0
2021,1,20,9,21.8,70,0.0,0.0
2021,1,20,12,20.0,79,0.0,0.0
2021,1,20,15,18.0,89,0.0,0.0
2021,1,20,18,17.0,93,0.0,0.0
2021,1,20,21,16.2,93,0.0,0.0
2021,1,21,0,15.2,93,0.0,0.0
2021,1,21,3,16.5,92,0.0,6.0
2021,1,21,6,17.5,84,0.0,6.0
2021,1,21,9,19.2,72,0.0,0.0
2021,1,21,12,17.0,84,0.0,0.0
2021,1,21,15,14.7,94,0.0,0.0
2021,1,21,18,13.8,95,0.0,0.0
2021,1,21,21,12.4,95,0.0,0.0
2021,1,22,0,14.5,97,0.0,0.0
2021,1,22,3,15.6,93,0.0,10.0
2021,1,22,6,20.0,70,0.0,5.0
2021,1,22,9,21.2,65,0.0,5.0
2021,1,22,12,18.0,84,0.0,0.0
2021,1,22,15,15.0,94,0.0,0.0
2021,1,22,18,13.5,95,0.0,0.0
2021,1,22,21,13.4,95,0.0,0.0
2021,1,23,0,13.0,97,0.0,0.0
2021,1,23,3,14.2,97,0.0,0.0
2021,1,23,6,19.5,78,0.0,0.0
2021,1,23,9,24.0,57,0.0,5.0
2021,1,23,12,20.6,74,0.0,5.0
2021,1,23,15,17.0,89,0.0,0.0
2021,1,23,18,16.0,89,0.0,0.0
2021,1,23,21,14.0,93,0.0,0.0
2021,1,24,0,13.0,94,0.0,0.0
2021,1,24,3,14.0,97,0.0,0.0
2021,1,24,6,15.8,91,0.0,0.0
2021,1,24,9,22.0,67,0.0,0.0
2021,1,24,12,18.5,84,0.0,0.0
2021,1,24,15,16.5,91,0.0,0.0
2021,1,24,18,13.5,94,0.0,0.0
2021,1,24,21,13.2,95,0.0,0.0
2021,1,25,0,12.8,96,0.0,0.0
2021,1,25,3,14.0,99,0.0,0.0
2021,1,25,6,16.0,94,0.0,0.0
2021,1,25,9,20.2,78,0.0,0.0
2021,1,25,12,21.2,52,0.0,0.0
2021,1,25,15,14.5,92,0.0,0.0
2021,1,25,18,13.4,95,0.0,0.0
2021,1,25,21,12.4,95,0.0,0.0
2021,1,26,0,12.5,95,0.0,0.0
2021,1,26,3,13.0,97,0.0,0.0
2021,1,26,6,14.5,89,0.0,5.0
2021,1,26,9,16.4,85,0.0,4.0
2021,1,26,12,15.2,92,0.0,0.0
2021,1,26,15,13.5,94,0.0,0.0
2021,1,26,18,12.0,95,0.0,0.0
2021,1,26,21,12.8,91,0.0,0.0
2021,1,27,0,13.4,89,0.0,0.0
2021,1,27,3,14.0,88,0.0,0.0
2021,1,27,6,16.5,78,0.0,6.0
2021,1,27,9,17.0,76,0.0,6.0
2021,1,27,12,15.0,80,0.0,0.0
2021,1,27,15,14.0,85,0.0,0.0
2021,1,27,18,11.5,94,0.0,0.0
2021,1,27,21,11.0,95,0.0,0.0
2021,1,28,0,10.6,95,0.0,0.0
2021,1,28,3,12.5,94,0.0,5.0
2021,1,28,6,15.0,66,0.0,6.0
2021,1,28,9,20.6,66,0.0,6.0
2021,1,28,12,17.2,81,0.0,0.0
2021,1,28,15,13.8,93,0.0,0.0
2021,1,28,18,12.5,94,0.0,0.0
2021,1,28,21,12.0,94,0.0,5.0
2021,1,29,0,11.5,96,0.0,5.0
2021,1,29,3,13.2,95,0.0,0.0
2021,1,29,6,18.0,78,0.0,5.0
2021,1,29,9,22.0,50,0.0,8.0
2021,1,29,12,20.0,63,0.0,5.0
2021,1,29,15,14.5,92,0.0,5.0
2021,1,29,18,12.3,94,0.0,3.0
2021,1,29,21,12.4,92,0.0,4.0
2021,1,30,0,12.6,93,0.0,5.0
2021,1,30,3,13.0,85,0.0,8.0
2021,1,30,6,17.0,68,0.0,6.0
2021,1,30,9,18.0,64,0.0,5.0
2021,1,30,12,14.4,81,0.0,0.0
2021,1,30,15,12.0,94,0.0,5.0
2021,1,30,18,11.0,95,0.0,0.0
2021,1,30,21,9.0,93,0.0,0.0
2021,1,31,0,8.0,93,0.0,0.0
2021,1,31,3,9.0,93,0.0,5.0
2021,1,31,6,11.0,87,0.0,0.0
2021,1,31,9,15.0,71,0.0,0.0
2021,1,31,12,13.5,82,0.0,0.0
2021,1,31,15,10.0,93,0.0,0.0
2021,1,31,18,9.0,94,0.0,0.0
2021,1,31,21,8.2,94,0.0,0.0
2021,2,1,0,8.0,97,0.0,0.0
2021,2,1,3,10.5,93,0.0,0.0
2021,2,1,6,16.5,78,0.0,4.0
2021,2,1,9,23.0,54,0.0,5.0
2021,2,1,12,18.8,64,0.0,0.0
2021,2,1,15,14.0,88,0.0,0.0
2021,2,1,18,12.6,90,0.0,0.0
2021,2,1,21,11.0,91,0.0,0.0
2021,2,2,0,10.2,92,0.0,0.0
2021,2,2,3,13.5,95,0.0,0.0
2021,2,2,6,22.0,54,0.0,5.0
2021,2,2,9,25.5,41,0.0,5.0
2021,2,2,12,20.0,66,0.0,0.0
2021,2,2,15,14.5,90,0.0,0.0
2021,2,2,18,12.0,94,0.0,0.0
2021,2,2,21,11.2,95,0.0,0.0
2021,2,3,0,10.8,95,0.0,0.0
2021,2,3,3,14.5,89,0.0,0.0
2021,2,3,6,23.5,49,0.0,0.0
2021,2,3,9,27.0,38,0.0,0.0
2021,2,3,12,21.0,67,0.0,0.0
2021,2,3,15,17.0,78,0.0,0.0
2021,2,3,18,15.0,89,0.0,0.0
2021,2,3,21,14.0,88,0.0,0.0
2021,2,4,0,13.4,89,0.0,0.0
2021,2,4,3,17.0,78,0.0,0.0
2021,2,4,6,26.0,47,0.0,5.0
2021,2,4,9,27.6,36,0.0,0.0
2021,2,4,12,24.0,57,0.0,0.0
2021,2,4,15,20.0,68,0.0,0.0
2021,2,4,18,15.8,89,0.0,0.0
2021,2,4,21,13.2,93,0.0,0.0
2021,2,5,0,11.2,95,0.0,0.0
2021,2,5,3,19.5,66,0.0,0.0
2021,2,5,6,27.0,43,0.0,0.0
2021,2,5,9,27.8,35,0.0,5.0
2021,2,5,12,24.0,49,0.0,0.0
2021,2,5,15,17.0,85,0.0,0.0
2021,2,5,18,15.2,91,0.0,0.0
2021,2,5,21,14.4,93,0.0,0.0
2021,2,6,0,13.5,94,0.0,0.0
2021,2,6,3,17.4,74,0.0,0.0
2021,2,6,6,24.5,46,0.0,10.0
2021,2,6,9,24.5,46,0.0,10.0
2021,2,6,12,20.5,57,0.0,0.0
2021,2,6,15,18.0,69,0.0,0.0
2021,2,6,18,15.5,77,0.0,0.0
2021,2,6,21,15.2,93,0.0,0.0
2021,2,7,0,14.0,94,0.0,0.0
2021,2,7,3,16.0,89,0.0,5.0
2021,2,7,6,23.0,55,0.0,6.0
2021,2,7,9,26.0,44,0.0,8.0
2021,2,7,12,21.8,60,0.0,0.0
2021,2,7,15,16.8,84,0.0,0.0
2021,2,7,18,14.8,91,0.0,0.0
2021,2,7,21,13.2,93,0.0,0.0
2021,2,8,0,12.6,93,0.0,0.0
2021,2,8,3,18.0,75,0.0,5.0
2021,2,8,6,25.5,47,0.0,4.0
2021,2,8,9,27.6,35,0.0,10.0
2021,2,8,12,24.0,61,0.0,0.0
2021,2,8,15,17.0,62,0.0,0.0
2021,2,8,18,15.8,87,0.0,0.0
2021,2,8,21,15.0,89,0.0,0.0
2021,2,9,0,11.0,95,0.0,0.0
2021,2,9,3,16.8,75,0.0,0.0
2021,2,9,6,25.2,48,0.0,2.0
2021,2,9,9,28.0,33,0.0,0.0
2021,2,9,12,22.0,61,0.0,0.0
2021,2,9,15,17.0,84,0.0,0.0
2021,2,9,18,15.6,85,0.0,0.0
2021,2,9,21,14.0,94,0.0,0.0
2021,2,10,0,12.2,95,0.0,0.0
2021,2,10,3,18.0,81,0.0,0.0
2021,2,10,6,25.5,49,0.0,4.0
2021,2,10,9,27.5,43,0.0,5.0
2021,2,10,12,23.0,52,0.0,0.0
2021,2,10,15,18.0,84,0.0,0.0
2021,2,10,18,15.8,91,0.0,0.0
2021,2,10,21,15.0,93,0.0,0.0
2021,2,11,0,13.4,95,0.0,0.0
2021,2,11,3,16.6,89,0.0,0.0
2021,2,11,6,25.2,44,0.0,4.0
2021,2,11,9,26.8,47,0.0,0.0
2021,2,11,12,23.0,68,0.0,0.0
2021,2,11,15,18.0,84,0.0,0.0
2021,2,11,18,15.3,93,0.0,0.0
2021,2,11,21,14.6,94,0.0,0.0
2021,2,12,0,13.8,97,0.0,0.0
2021,2,12,3,19.0,84,0.0,0.0
2021,2,12,6,25.8,45,0.0,5.0
2021,2,12,9,28.5,32,0.0,5.0
2021,2,12,12,22.5,59,0.0,0.0
2021,2,12,15,16.5,86,0.0,0.0
2021,2,12,18,15.0,92,0.0,0.0
2021,2,12,21,15.2,93,0.0,0.0
2021,2,13,0,14.2,95,0.0,0.0
2021,2,13,3,18.0,92,0.0,0.0
2021,2,13,6,24.5,65,0.0,0.0
2021,2,13,9,28.2,45,0.0,5.0
2021,2,13,12,24.0,63,0.0,0.0
2021,2,13,15,19.5,89,0.0,0.0
2021,2,13,18,18.0,92,0.0,0.0
2021,2,13,21,16.2,93,0.0,0.0
2021,2,14,0,15.4,95,0.0,0.0
2021,2,14,3,19.0,90,0.0,0.0
2021,2,14,6,26.5,56,0.0,5.0
2021,2,14,9,28.0,46,0.0,2.0
2021,2,14,12,23.5,60,0.0,0.0
2021,2,14,15,18.0,84,0.0,0.0
2021,2,14,18,16.7,92,0.0,0.0
2021,2,14,21,15.4,93,0.0,0.0
2021,2,15,0,14.5,94,0.0,0.0
2021,2,15,3,19.0,75,0.0,5.0
2021,2,15,6,27.2,41,0.0,5.0
2021,2,15,9,28.8,31,0.0,10.0
2021,2,15,12,24.0,57,0.0,0.0
2021,2,15,15,19.5,78,0.0,0.0
2021,2,15,18,17.0,89,0.0,0.0
2021,2,15,21,15.6,93,0.0,0.0
2021,2,16,0,14.5,97,0.0,0.0
2021,2,16,3,19.0,84,0.0,0.0
2021,2,16,6,26.0,44,0.0,5.0
2021,2,16,9,28.0,37,0.0,0.0
2021,2,16,12,24.0,57,0.0,0.0
2021,2,16,15,18.6,85,0.0,0.0
2021,2,16,18,17.4,89,0.0,0.0
2021,2,16,21,17.0,91,0.0,0.0
2021,2,17,0,16.5,96,0.0,0.0
2021,2,17,3,21.0,71,0.0,0.0
2021,2,17,6,26.5,45,0.0,0.0
2021,2,17,9,27.0,47,0.0,0.0
2021,2,17,12,21.1,70,0.0,0.0
2021,2,17,15,19.2,84,0.0,0.0
2021,2,17,18,17.5,89,0.0,0.0
2021,2,17,21,17.0,91,0.0,0.0
2021,2,18,0,16.6,93,0.0,0.0
2021,2,18,3,21.5,67,0.0,5.0
2021,2,18,6,27.5,42,0.0,5.0
2021,2,18,9,29.0,45,0.0,0.0
2021,2,18,12,25.5,61,0.0,0.0
2021,2,18,15,20.5,75,0.0,0.0
2021,2,18,18,19.3,85,0.0,0.0
2021,2,18,21,17.4,91,0.0,0.0
2021,2,19,0,16.4,93,0.0,0.0
2021,2,19,3,23.0,59,0.0,0.0
2021,2,19,6,26.5,45,0.0,0.0
2021,2,19,9,27.0,45,0.0,0.0
2021,2,19,12,25.0,61,0.0,0.0
2021,2,19,15,19.5,90,0.0,0.0
2021,2,19,18,19.0,90,0.0,0.0
2021,2,19,21,17.0,92,0.0,0.0
2021,2,20,0,16.6,96,0.0,0.0
2021,2,20,3,20.6,85,0.0,0.0
2021,2,20,6,28.2,45,0.0,4.0
2021,2,20,9,30.0,42,0.0,0.0
2021,2,20,12,26.0,47,0.0,0.0
2021,2,20,15,20.0,75,0.0,0.0
2021,2,20,18,18.5,79,0.0,0.0
2021,2,20,21,16.0,83,0.0,0.0
2021,2,21,0,14.0,88,0.0,0.0
2021,2,21,3,21.0,61,0.0,0.0
2021,2,21,6,28.0,45,0.0,5.0
2021,2,21,9,31.0,38,0.0,7.0
2021,2,21,12,25.5,55,0.0,0.0
2021,2,21,15,20.0,85,0.0,0.0
2021,2,21,18,17.3,87,0.0,0.0
2021,2,21,21,16.0,91,0.0,0.0
2021,2,22,0,15.0,97,0.0,0.0
2021,2,22,3,21.0,71,0.0,0.0
2021,2,22,6,29.0,48,0.0,5.0
2021,2,22,9,31.0,32,0.0,5.0
2021,2,22,12,26.0,51,0.0,0.0
2021,2,22,15,21.0,72,0.0,0.0
2021,2,22,18,19.0,74,0.0,0.0
2021,2,22,21,16.0,89,0.0,0.0
2021,2,23,0,14.4,91,0.0,0.0
2021,2,23,3,20.0,75,0.0,0.0
2021,2,23,6,28.5,45,0.0,7.0
2021,2,23,9,30.5,35,0.0,5.0
2021,2,23,12,24.5,54,0.0,0.0
2021,2,23,15,21.0,74,0.0,0.0
2021,2,23,18,18.8,76,0.0,0.0
2021,2,23,21,17.0,85,0.0,0.0
2021,2,24,0,15.5,94,0.0,0.0
2021,2,24,3,20.5,75,0.0,0.0
2021,2,24,6,27.8,55,0.0,5.0
2021,2,24,9,31.0,38,0.0,5.0
2021,2,24,12,26.5,59,0.0,0.0
2021,2,24,15,20.6,87,0.0,0.0
2021,2,24,18,19.0,90,0.0,0.0
2021,2,24,21,18.4,92,0.0,0.0
2021,2,25,0,17.5,95,0.0,0.0
2021,2,25,3,21.4,82,0.0,5.0
2021,2,25,6,27.0,59,0.0,6.0
2021,2,25,9,30.0,46,0.0,6.0
2021,2,25,12,27.8,62,0.0,0.0
2021,2,25,15,21.0,86,0.0,0.0
2021,2,25,18,19.8,88,0.0,0.0
2021,2,25,21,19.2,94,0.0,0.0
2021,2,26,0,19.0,96,0.0,0.0
2021,2,26,3,20.5,90,0.0,0.0
2021,2,26,6,29.0,41,0.0,5.0
2021,2,26,9,30.8,42,0.0,0.0
2021,2,26,12,28.0,60,0.0,0.0
2021,2,26,15,23.0,77,0.0,0.0
2021,2,26,18,21.0,86,0.0,0.0
2021,2,26,21,20.5,87,0.0,0.0
2021,2,27,0,20.0,86,0.0,0.0
2021,2,27,3,22.0,77,0.0,5.0
2021,2,27,6,27.4,59,0.0,5.0
2021,2,27,9,29.5,52,0.0,5.0
2021,2,27,12,23.5,64,0.0,0.0
2021,2,27,15,21.2,78,0.0,0.0
2021,2,27,18,20.0,85,0.0,0.0
2021,2,27,21,19.8,82,0.0,0.0
2021,2,28,0,19.4,90,0.0,0.0
2021,2,28,3,21.5,80,0.0,5.0
2021,2,28,6,28.0,60,0.0,5.0
2021,2,28,9,29.6,58,0.0,0.0
2021,2,28,12,28.0,50,0.0,0.0
2021,2,28,15,23.5,81,0.0,0.0
2021,2,28,18,21.7,90,0.0,0.0
2021,2,28,21,20.2,92,0.0,0.0
2021,3,1,0,19.0,94,0.0,0.0
2021,3,1,3,21.2,90,0.0,0.0
2021,3,1,6,29.0,54,0.0,5.0
2021,3,1,9,32.5,34,0.0,5.0
2021,3,1,12,26.0,51,0.0,0.0
2021,3,1,15,21.0,75,0.0,0.0
2021,3,1,18,19.8,85,0.0,0.0
2021,3,1,21,17.8,87,0.0,0.0
2021,3,2,0,16.8,89,0.0,0.0
2021,3,2,3,21.5,64,0.0,0.0
2021,3,2,6,29.0,35,0.0,9.0
2021,3,2,9,32.0,30,0.0,10.0
2021,3,2,12,25.2,48,0.0,0.0
2021,3,2,15,23.0,72,0.0,0.0
2021,3,2,18,19.0,69,0.0,0.0
2021,3,2,21,18.0,84,0.0,0.0
2021,3,3,0,16.5,89,0.0,0.0
2021,3,3,3,22.0,50,0.0,4.0
2021,3,3,6,28.0,34,0.0,5.0
2021,3,3,9,29.5,29,0.0,5.0
2021,3,3,12,25.6,49,0.0,0.0
2021,3,3,15,19.5,75,0.0,0.0
2021,3,3,18,18.0,82,0.0,0.0
2021,3,3,21,16.0,89,0.0,0.0
2021,3,4,0,15.4,95,0.0,0.0
2021,3,4,3,22.0,62,0.0,0.0
2021,3,4,6,28.8,41,0.0,0.0
2021,3,4,9,30.0,30,0.0,5.0
2021,3,4,12,26.7,44,0.0,0.0
2021,3,4,15,20.3,78,0.0,0.0
2021,3,4,18,17.5,84,0.0,0.0
2021,3,4,21,17.0,89,0.0,0.0
2021,3,5,0,17.5,92,0.0,0.0
2021,3,5,3,22.6,67,0.0,5.0
2021,3,5,6,29.0,44,0.0,5.0
2021,3,5,9,30.8,40,0.0,0.0
2021,3,5,12,28.0,60,0.0,0.0
2021,3,5,15,22.0,61,0.0,0.0
2021,3,5,18,18.3,86,0.0,0.0
2021,3,5,21,18.0,87,0.0,0.0
2021,3,6,0,17.5,89,0.0,4.0
2021,3,6,3,20.0,70,0.0,5.0
2021,3,6,6,22.5,72,0.0,5.0
2021,3,6,9,26.6,62,0.0,5.0
2021,3,6,12,25.5,73,0.0,0.0
2021,3,6,15,21.5,86,0.0,0.0
2021,3,6,18,19.0,91,0.0,0.0
2021,3,6,21,18.0,89,0.0,5.0
2021,3,7,0,17.0,89,0.0,5.0
2021,3,7,3,21.2,78,0.0,6.0
2021,3,7,6,26.0,58,0.0,7.0
2021,3,7,9,28.0,60,0.0,5.0
2021,3,7,12,25.0,65,0.0,5.0
2021,3,7,15,21.5,86,0.0,0.0
2021,3,7,18,19.6,88,0.0,0.0
2021,3,7,21,18.4,87,0.0,0.0
2021,3,8,0,17.5,89,0.0,0.0
2021,3,8,3,23.0,76,0.0,6.0
2021,3,8,6,27.5,57,0.0,5.0
2021,3,8,9,30.0,45,0.0,5.0
2021,3,8,12,28.0,53,0.0,0.0
2021,3,8,15,22.0,80,0.0,0.0
2021,3,8,18,20.2,86,0.0,0.0
2021,3,8,21,20.0,88,0.0,0.0
2021,3,9,0,20.4,90,0.0,0.0
2021,3,9,3,24.0,64,0.0,5.0
2021,3,9,6,28.6,57,0.0,7.0
2021,3,9,9,29.0,61,0.0,5.0
2021,3,9,12,27.0,70,0.0,0.0
2021,3,9,15,22.5,84,0.0,0.0
2021,3,9,18,20.4,89,0.0,0.0
2021,3,9,21,20.6,90,0.0,0.0
2021,3,10,0,21.0,88,0.0,4.0
2021,3,10,3,23.0,81,0.0,4.0
2021,3,10,6,26.5,75,0.0,4.0
2021,3,10,9,26.8,76,0.0,5.0
2021,3,10,12,26.5,83,0.0,0.0
2021,3,10,15,24.7,89,0.0,0.0
2021,3,10,18,21.5,91,0.0,0.0
2021,3,10,21,20.4,86,0.0,0.0
2021,3,11,0,20.2,88,0.0,0.0
2021,3,11,3,24.0,68,0.0,5.0
2021,3,11,6,28.5,52,0.0,5.0
2021,3,11,9,30.4,52,0.0,0.0
2021,3,11,12,28.0,72,0.0,0.0
2021,3,11,15,25.4,88,0.0,0.0
2021,3,11,18,23.8,84,0.0,0.0
2021,3,11,21,23.2,86,0.0,5.0
2021,3,12,0,21.5,86,0.0,5.0
2021,3,12,3,25.0,65,0.0,5.0
2021,3,12,6,29.8,53,0.0,5.0
2021,3,12,9,32.0,48,0.0,5.0
2021,3,12,12,30.0,59,0.0,0.0
2021,3,12,15,24.0,87,0.0,0.0
2021,3,12,18,22.5,89,0.0,0.0
2021,3,12,21,21.0,90,0.0,0.0
2021,3,13,0,21.0,94,0.0,0.0
2021,3,13,3,27.0,67,0.0,0.0
2021,3,13,6,30.5,53,0.0,5.0
2021,3,13,9,25.8,71,0.0,15.0
2021,3,13,12,24.6,61,0.0,4.0
2021,3,13,15,22.0,80,0.4,0.0
2021,3,13,18,20.8,87,0.0,0.0
2021,3,13,21,19.0,90,0.0,0.0
2021,3,14,0,18.0,94,0.0,0.0
2021,3,14,3,22.5,77,0.0,0.0
2021,3,14,6,29.2,49,0.0,5.0
2021,3,14,9,30.3,47,0.0,7.0
2021,3,14,12,23.0,81,0.0,0.0
2021,3,14,15,21.0,87,0.0,0.0
2021,3,14,18,21.0,87,0.0,0.0
2021,3,14,21,20.2,93,0.0,0.0
2021,3,15,0,19.4,96,0.0,0.0
2021,3,15,3,25.0,70,0.0,0.0
2021,3,15,6,31.8,43,0.0,0.0
2021,3,15,9,31.8,43,0.0,5.0
2021,3,15,12,29.0,53,0.0,5.0
2021,3,15,15,25.0,78,0.0,0.0
2021,3,15,18,22.5,81,0.0,0.0
2021,3,15,21,19.2,90,0.0,0.0
2021,3,16,0,17.6,94,0.0,0.0
2021,3,16,3,26.0,58,0.0,0.0
2021,3,16,6,31.3,38,0.0,5.0
2021,3,16,9,33.2,28,0.0,5.0
2021,3,16,12,29.0,48,0.0,0.0
2021,3,16,15,23.0,72,0.0,0.0
2021,3,16,18,21.5,80,0.0,0.0
2021,3,16,21,20.8,83,0.0,0.0
2021,3,17,0,19.4,84,0.0,0.0
2021,3,17,3,26.0,58,0.0,0.0
2021,3,17,6,31.8,37,0.0,5.0
2021,3,17,9,34.2,30,0.0,8.0
2021,3,17,12,30.0,42,0.0,0.0
2021,3,17,15,23.0,72,0.0,0.0
2021,3,17,18,21.0,83,0.0,0.0
2021,3,17,21,19.8,86,0.0,0.0
2021,3,18,0,18.4,89,0.0,0.0
2021,3,18,3,26.0,51,0.0,0.0
2021,3,18,6,32.0,33,0.0,0.0
2021,3,18,9,34.5,30,0.0,0.0
2021,3,18,12,29.0,48,0.0,0.0
2021,3,18,15,23.2,75,0.0,0.0
2021,3,18,18,21.4,84,0.0,0.0
2021,3,18,21,21.0,87,0.0,0.0
2021,3,19,0,20.5,90,0.0,0.0
2021,3,19,3,26.0,58,0.0,0.0
2021,3,19,6,31.0,39,0.0,0.0
2021,3,19,9,33.0,32,0.0,0.0
2021,3,19,12,30.0,42,0.0,0.0
2021,3,19,15,24.0,77,0.0,0.0
2021,3,19,18,22.0,86,0.0,0.0
2021,3,19,21,21.6,87,0.0,0.0
2021,3,20,0,21.0,90,0.0,0.0
2021,3,20,3,26.0,64,0.0,0.0
2021,3,20,6,31.5,47,0.0,0.0
2021,3,20,9,32.6,42,0.0,0.0
2021,3,20,12,30.5,47,0.0,0.0
2021,3,20,15,24.5,70,0.0,0.0
2021,3,20,18,23.0,77,0.0,0.0
2021,3,20,21,21.0,85,0.0,0.0
2021,3,21,0,20.0,90,0.0,0.0
2021,3,21,3,27.0,59,0.0,0.0
2021,3,21,6,33.0,36,0.0,5.0
2021,3,21,9,35.4,30,0.0,8.0
2021,3,21,12,30.5,41,0.0,4.0
2021,3,21,15,24.0,67,0.0,0.0
2021,3,21,18,22.5,77,0.0,0.0
2021,3,21,21,20.5,86,0.0,0.0
2021,3,22,0,18.5,90,0.0,0.0
2021,3,22,3,26.5,56,0.0,0.0
2021,3,22,6,32.0,39,0.0,5.0
2021,3,22,9,36.0,27,0.0,0.0
2021,3,22,12,30.8,40,0.0,0.0
2021,3,22,15,24.2,63,0.0,0.0
2021,3,22,18,22.6,72,0.0,0.0
2021,3,22,21,18.5,90,0.0,0.0
2021,3,23,0,18.0,89,0.0,0.0
2021,3,23,3,27.0,59,0.0,0.0
2021,3,23,6,34.0,35,0.0,8.0
2021,3,23,9,35.4,37,0.0,0.0
2021,3,23,12,31.8,48,0.0,0.0
2021,3,23,15,26.0,74,0.0,0.0
2021,3,23,18,24.0,81,0.0,0.0
2021,3,23,21,22.0,82,0.0,0.0
2021,3,24,0,23.0,85,0.0,0.0
2021,3,24,3,28.0,60,0.0,0.0
2021,3,24,6,33.5,44,0.0,5.0
2021,3,24,9,35.5,33,0.0,8.0
2021,3,24,12,31.0,50,0.0,4.0
2021,3,24,15,26.3,62,0.0,5.0
2021,3,24,18,24.8,78,0.0,0.0
2021,3,24,21,22.2,73,0.0,0.0
2021,3,25,0,20.0,70,0.0,0.0
2021,3,25,3,28.5,45,0.0,5.0
2021,3,25,6,32.5,32,0.0,6.0
2021,3,25,9,35.0,20,0.0,8.0
2021,3,25,12,32.0,33,0.0,5.0
2021,3,25,15,25.0,58,0.0,0.0
2021,3,25,18,23.5,64,0.0,0.0
2021,3,25,21,20.4,66,0.0,0.0
2021,3,26,0,19.0,68,0.0,0.0
2021,3,26,3,24.8,48,0.0,6.0
2021,3,26,6,33.0,27,0.0,8.0
2021,3,26,9,34.6,20,0.0,10.0
2021,3,26,12,29.0,36,0.0,5.0
2021,3,26,15,24.0,57,0.0,0.0
2021,3,26,18,22.5,67,0.0,0.0
2021,3,26,21,19.5,79,0.0,0.0
2021,3,27,0,17.6,89,0.0,0.0
2021,3,27,3,26.6,38,0.0,0.0
2021,3,27,6,32.4,35,0.0,5.0
2021,3,27,9,34.0,31,0.0,5.0
2021,3,27,12,29.0,41,0.0,0.0
2021,3,27,15,22.0,72,0.0,0.0
2021,3,27,18,20.2,82,0.0,0.0
2021,3,27,21,19.2,79,0.0,0.0
2021,3,28,0,18.0,81,0.0,0.0
2021,3,28,3,24.0,73,0.0,0.0
2021,3,28,6,33.0,24,0.0,5.0
2021,3,28,9,34.5,26,0.0,0.0
2021,3,28,12,31.2,41,0.0,0.0
2021,3,28,15,25.0,70,0.0,0.0
2021,3,28,18,22.6,81,0.0,0.0
2021,3,28,21,22.0,80,0.0,0.0
2021,3,29,0,21.0,80,0.0,0.0
2021,3,29,3,25.0,65,0.0,5.0
2021,3,29,6,30.0,59,0.0,5.0
2021,3,29,9,32.0,51,0.0,5.0
2021,3,29,12,30.0,62,0.0,0.0
2021,3,29,15,25.5,70,0.0,7.0
2021,3,29,18,24.0,77,0.0,5.0
2021,3,29,21,23.2,71,0.0,0.0
2021,3,30,0,22.0,75,0.0,5.0
2021,3,30,3,25.2,64,0.0,5.0
2021,3,30,6,29.0,54,0.0,6.0
2021,3,30,9,27.8,58,0.0,6.0
2021,3,30,12,25.0,70,0.0,5.0
2021,3,30,15,24.0,77,0.0,7.0
2021,3,30,18,22.5,81,0.0,6.0
2021,3,30,21,22.0,79,0.0,5.0
2021,3,31,0,21.0,80,0.0,6.0
2021,3,31,3,22.8,70,0.0,6.0
2021,3,31,6,25.0,65,0.0,8.0
2021,3,31,9,26.2,61,0.0,5.0
2021,3,31,12,24.4,73,0.0,0.0
2021,3,31,15,22.5,78,0.0,0.0
2021,3,31,18,20.8,85,0.0,0.0
2021,3,31,21,20.4,90,0.0,0.0
2021,4,1,0,20.0,90,0.0,0.0
2021,4,1,3,22.5,81,0.0,0.0
2021,4,1,6,29.0,61,0.0,5.0
2021,4,1,9,32.0,51,0.0,0.0
2021,4,1,12,29.5,58,0.0,0.0
2021,4,1,15,23.5,77,0.0,0.0
2021,4,1,18,22.0,83,0.0,0.0
2021,4,1,21,21.0,94,0.0,0.0
2021,4,2,0,20.0,98,0.0,4.0
2021,4,2,3,24.4,78,0.0,5.0
2021,4,2,6,31.0,58,0.0,5.0
2021,4,2,9,34.0,38,0.0,0.0
2021,4,2,12,32.0,44,0.0,0.0
2021,4,2,15,24.5,78,0.0,0.0
2021,4,2,18,23.0,81,0.0,0.0
2021,4,2,21,22.8,85,0.0,0.0
2021,4,3,0,22.6,93,0.0,0.0
2021,4,3,3,26.6,70,0.0,4.0
2021,4,3,6,32.0,57,0.0,2.0
2021,4,3,9,35.5,33,0.0,6.0
2021,4,3,12,31.0,40,0.0,0.0
2021,4,3,15,24.0,64,0.0,0.0
2021,4,3,18,22.8,73,0.0,0.0
2021,4,3,21,21.0,90,0.0,0.0
2021,4,4,0,20.0,94,0.0,0.0
2021,4,4,3,27.6,75,0.0,5.0
2021,4,4,6,33.0,52,0.0,4.0
2021,4,4,9,35.8,36,0.0,0.0
2021,4,4,12,32.5,52,0.0,0.0
2021,4,4,15,24.5,61,0.0,6.0
2021,4,4,18,22.0,70,0.0,0.0
2021,4,4,21,19.6,79,0.0,0.0
2021,4,5,0,18.0,85,0.0,0.0
2021,4,5,3,26.0,47,0.0,6.0
2021,4,5,6,31.5,32,0.0,5.0
2021,4,5,9,32.8,33,0.0,0.0
2021,4,5,12,31.0,55,0.0,0.0
2021,4,5,15,23.5,77,0.0,0.0
2021,4,5,18,21.5,91,0.0,0.0
2021,4,5,21,20.5,92,0.0,0.0
2021,4,6,0,18.5,95,0.0,0.0
2021,4,6,3,27.0,52,0.0,0.0
2021,4,6,6,32.5,43,0.0,5.0
2021,4,6,9,33.8,33,0.0,0.0
2021,4,6,12,30.4,46,0.0,0.0
2021,4,6,15,25.0,74,0.0,0.0
2021,4,6,18,23.0,84,0.0,0.0
2021,4,6,21,23.0,81,0.0,0.0
2021,4,7,0,23.0,85,0.0,0.0
2021,4,7,3,27.0,63,0.0,8.0
2021,4,7,6,32.5,49,0.0,8.0
2021,4,7,9,33.5,41,0.0,7.0
2021,4,7,12,31.0,50,0.0,0.0
2021,4,7,15,27.5,72,0.0,0.0
2021,4,7,18,25.0,78,0.0,0.0
2021,4,7,21,24.5,91,1.0,1.0
2021,4,8,0,24.0,87,0.0,8.0
2021,4,8,3,25.5,78,0.0,5.0
2021,4,8,6,26.2,81,0.0,4.0
2021,4,8,9,29.6,72,0.0,5.0
2021,4,8,12,28.0,79,0.0,0.0
2021,4,8,15,26.5,79,0.0,5.0
2021,4,8,18,25.3,82,0.4,7.0
2021,4,8,21,22.4,87,0.0,0.0
2021,4,9,0,21.8,91,0.0,4.0
2021,4,9,3,26.0,70,0.0,0.0
2021,4,9,6,32.0,57,0.0,5.0
2021,4,9,9,31.0,56,0.0,5.0
2021,4,9,12,30.0,69,0.0,0.0
2021,4,9,15,26.8,83,0.0,0.0
2021,4,9,18,25.0,86,0.0,0.0
2021,4,9,21,24.6,88,0.0,0.0
2021,4,10,0,24.0,91,0.0,0.0
2021,4,10,3,29.0,68,0.0,5.0
2021,4,10,6,33.0,57,0.0,6.0
2021,4,10,9,34.8,47,0.0,8.0
2021,4,10,12,32.5,54,0.0,6.0
2021,4,10,15,27.6,71,0.0,8.0
2021,4,10,18,26.4,79,0.0,6.0
2021,4,10,21,23.5,81,0.0,0.0
2021,4,11,0,21.0,86,0.0,0.0
2021,4,11,3,28.0,67,0.0,0.0
2021,4,11,6,33.5,46,0.0,0.0
2021,4,11,9,36.2,40,0.0,6.0
2021,4,11,12,32.2,55,0.0,0.0
2021,4,11,15,29.5,69,0.0,0.0
2021,4,11,18,27.0,75,0.0,0.0
2021,4,11,21,24.0,81,0.0,0.0
2021,4,12,0,22.8,88,0.0,0.0
2021,4,12,3,28.5,64,0.0,0.0
2021,4,12,6,33.5,39,0.0,5.0
2021,4,12,9,35.5,33,0.0,5.0
2021,4,12,12,32.8,55,0.0,4.0
2021,4,12,15,28.5,72,0.0,0.0
2021,4,12,18,25.0,87,0.0,0.0
2021,4,12,21,24.0,91,0.0,0.0
2021,4,13,0,23.0,95,0.0,0.0
2021,4,13,3,29.5,62,0.0,0.0
2021,4,13,6,34.0,50,0.0,0.0
2021,4,13,9,36.5,39,0.0,5.0
2021,4,13,12,34.0,52,0.0,0.0
2021,4,13,15,29.0,80,0.0,3.0
2021,4,13,18,28.0,83,0.0,0.0
2021,4,13,21,26.2,85,0.0,0.0
2021,4,14,0,24.8,89,0.0,2.0
2021,4,14,3,27.6,71,0.0,6.0
2021,4,14,6,33.0,49,0.0,6.0
2021,4,14,9,34.5,53,0.0,5.0
2021,4,14,12,30.5,66,0.0,6.0
2021,4,14,15,27.0,67,0.0,5.0
2021,4,14,18,25.0,74,0.0,5.0
2021,4,14,21,24.8,74,0.0,4.0
2021,4,15,0,24.5,72,0.0,4.0
2021,4,15,3,28.0,67,0.0,5.0
2021,4,15,6,31.2,62,0.0,6.0
2021,4,15,9,32.4,58,0.0,3.0
2021,4,15,12,29.0,68,0.0,0.0
2021,4,15,15,27.4,79,0.0,0.0
2021,4,15,18,26.4,82,0.0,0.0
2021,4,15,21,25.5,85,0.0,0.0
2021,4,16,0,25.0,87,0.0,0.0
2021,4,16,3,28.0,75,0.0,5.0
2021,4,16,6,31.8,41,0.0,5.0
2021,4,16,9,33.0,45,0.0,5.0
2021,4,16,12,30.0,62,0.0,0.0
2021,4,16,15,27.6,71,0.0,5.0
2021,4,16,18,19.0,95,18.0,15.0
2021,4,16,21,20.0,90,8.0,8.0
2021,4,17,0,21.0,86,2.0,5.0
2021,4,17,3,24.5,65,0.0,5.0
2021,4,17,6,28.5,58,0.0,7.0
2021,4,17,9,29.5,57,0.0,4.0
2021,4,17,12,27.8,63,0.0,0.0
2021,4,17,15,23.8,79,0.0,0.0
2021,4,17,18,22.5,85,0.0,0.0
2021,4,17,21,22.0,86,0.0,0.0
2021,4,18,0,22.6,93,10.0,6.0
2021,4,18,3,26.5,70,0.0,6.0
2021,4,18,6,30.5,59,0.0,6.0
2021,4,18,9,32.5,54,0.0,5.0
2021,4,18,12,30.2,67,0.0,5.0
2021,4,18,15,26.1,84,0.0,0.0
2021,4,18,18,25.2,87,0.0,5.0
2021,4,18,21,22.2,89,0.0,4.0
2021,4,19,0,20.8,87,0.0,5.0
2021,4,19,3,27.0,63,0.0,5.0
2021,4,19,6,31.4,53,0.0,6.0
2021,4,19,9,35.8,39,0.0,5.0
2021,4,19,12,32.0,42,0.0,5.0
2021,4,19,15,25.0,74,0.0,0.0
2021,4,19,18,23.5,81,0.0,0.0
2021,4,19,21,23.4,87,0.0,0.0
2021,4,20,0,23.2,93,0.0,0.0
2021,4,20,3,28.5,72,0.0,7.0
2021,4,20,6,32.5,57,0.0,5.0
2021,4,20,9,35.0,37,0.0,3.0
2021,4,20,12,34.0,52,0.0,0.0
2021,4,20,15,28.0,72,0.0,0.0
2021,4,20,18,26.5,79,0.0,0.0
2021,4,20,21,26.0,85,0.0,5.0
2021,4,21,0,25.0,87,0.0,5.0
2021,4,21,3,26.5,75,0.0,8.0
2021,4,21,6,31.2,62,0.0,6.0
2021,4,21,9,32.2,62,0.0,5.0
2021,4,21,12,30.0,73,0.0,5.0
2021,4,21,15,28.0,83,0.0,5.0
2021,4,21,18,25.5,91,1.0,0.0
2021,4,21,21,25.0,91,0.0,0.0
2021,4,22,0,24.0,87,0.0,5.0
2021,4,22,3,28.0,67,0.0,6.0
2021,4,22,6,31.2,61,0.0,5.0
2021,4,22,9,29.6,55,0.0,5.0
2021,4,22,12,29.0,60,0.0,0.0
2021,4,22,15,25.0,82,0.0,0.0
2021,4,22,18,23.5,87,0.0,0.0
2021,4,22,21,21.5,91,0.0,0.0
2021,4,23,0,20.0,95,0.0,0.0
2021,4,23,3,28.0,58,0.0,0.0
2021,4,23,6,33.2,39,0.0,6.0
2021,4,23,9,34.5,37,0.4,5.0
2021,4,23,12,32.0,44,0.0,4.0
2021,4,23,15,26.0,74,0.0,0.0
2021,4,23,18,23.2,86,0.0,0.0
2021,4,23,21,22.8,87,0.0,0.0
2021,4,24,0,22.4,89,0.0,5.0
2021,4,24,3,29.5,58,0.0,4.0
2021,4,24,6,33.8,42,0.0,5.0
2021,4,24,9,35.6,39,0.0,5.0
2021,4,24,12,33.5,55,0.0,0.0
2021,4,24,15,28.0,75,0.0,0.0
2021,4,24,18,25.0,82,0.0,0.0
2021,4,24,21,24.6,84,0.0,0.0
2021,4,25,0,24.2,85,0.0,4.0
2021,4,25,3,31.0,56,0.0,5.0
2021,4,25,6,34.5,50,0.0,6.0
2021,4,25,9,37.0,43,0.0,5.0
2021,4,25,12,35.4,46,0.0,0.0
2021,4,25,15,30.0,76,0.0,0.0
2021,4,25,18,28.0,79,0.0,0.0
2021,4,25,21,26.5,80,0.0,0.0
2021,4,26,0,25.5,82,0.0,5.0
2021,4,26,3,30.5,66,0.0,5.0
2021,4,26,6,35.0,47,0.0,5.0
2021,4,26,9,37.0,46,0.0,0.0
2021,4,26,12,34.8,52,0.0,0.0
2021,4,26,15,29.0,83,0.0,0.0
2021,4,26,18,27.5,86,0.0,0.0
2021,4,26,21,26.8,83,0.0,0.0
2021,4,27,0,26.0,85,0.0,0.0
2021,4,27,3,31.0,56,0.0,5.0
2021,4,27,6,34.5,50,0.0,6.0
2021,4,27,9,36.0,51,0.0,4.0
2021,4,27,12,33.0,67,0.0,0.0
2021,4,27,15,29.2,83,0.0,0.0
2021,4,27,18,27.8,85,0.0,0.0
2021,4,27,21,27.0,83,0.0,4.0
2021,4,28,0,26.2,88,0.0,8.0
2021,4,28,3,30.2,67,0.0,6.0
2021,4,28,6,34.5,59,0.0,6.0
2021,4,28,9,35.5,54,0.0,5.0
2021,4,28,12,33.0,64,0.0,0.0
2021,4,28,15,23.5,77,13.0,10.0
2021,4,28,18,22.5,86,0.0,7.0
2021,4,28,21,22.0,87,0.0,4.0
2021,4,29,0,21.8,85,0.0,5.0
2021,4,29,3,27.2,67,0.0,6.0
2021,4,29,6,32.2,55,0.0,5.0
2021,4,29,9,33.8,45,0.0,0.0
2021,4,29,12,27.0,83,0.0,0.0
2021,4,29,15,26.0,88,0.0,0.0
2021,4,29,18,26.0,88,0.0,0.0
2021,4,29,21,25.5,85,0.0,0.0
2021,4,30,0,25.2,80,0.0,5.0
2021,4,30,3,30.5,59,0.0,5.0
2021,4,30,6,34.5,53,0.0,6.0
2021,4,30,9,35.5,50,0.0,5.0
2021,4,30,12,34.0,58,0.0,0.0
2021,4,30,15,29.0,76,0.0,0.0
2021,4,30,18,27.6,81,0.0,0.0
2021,4,30,21,27.0,83,0.0,0.0
2021,5,1,0,25.6,86,0.0,0.0
2021,5,1,3,24.0,73,0.0,6.0
2021,5,1,6,24.8,67,0.0,6.0
2021,5,1,9,28.2,52,0.0,5.0
2021,5,1,12,27.0,63,0.0,5.0
2021,5,1,15,23.0,86,0.0,0.0
2021,5,1,18,21.5,89,0.0,0.0
2021,5,1,21,21.3,89,0.0,0.0
2021,5,2,0,21.8,91,0.0,0.0
2021,5,2,3,28.5,64,0.0,0.0
2021,5,2,6,33.0,57,0.0,5.0
2021,5,2,9,33.0,52,0.0,5.0
2021,5,2,12,31.2,60,0.0,0.0
2021,5,2,15,28.2,78,0.0,0.0
2021,5,2,18,27.0,83,0.0,5.0
2021,5,2,21,23.0,95,10.0,4.0
2021,5,3,0,23.4,92,8.0,6.0
2021,5,3,3,25.5,87,9.4,0.0
2021,5,3,6,31.0,63,0.0,5.0
2021,5,3,9,31.0,66,0.0,4.0
2021,5,3,12,30.0,69,0.0,5.0
2021,5,3,15,27.0,83,0.0,0.0
2021,5,3,18,22.8,93,9.6,0.0
2021,5,3,21,22.4,94,6.2,0.0
2021,5,4,0,22.0,94,0.0,5.0
2021,5,4,3,23.5,87,0.0,0.0
2021,5,4,6,24.6,86,0.0,5.0
2021,5,4,9,26.5,71,0.0,5.0
2021,5,4,12,26.0,77,0.0,0.0
2021,5,4,15,24.0,81,0.0,0.0
2021,5,4,18,23.0,86,0.0,0.0
2021,5,4,21,23.2,89,0.0,0.0
2021,5,5,0,23.4,91,0.0,0.0
2021,5,5,3,25.5,91,0.0,0.0
2021,5,5,6,28.0,72,0.0,8.0
2021,5,5,9,30.0,69,0.6,8.0
2021,5,5,12,28.4,72,0.0,5.0
2021,5,5,15,25.0,82,0.0,0.0
2021,5,5,18,23.6,86,0.0,0.0
2021,5,5,21,23.4,91,0.0,0.0
2021,5,6,0,23.0,95,0.0,0.0
2021,5,6,3,27.5,72,0.0,5.0
2021,5,6,6,29.2,67,0.0,5.0
2021,5,6,9,30.8,63,0.0,5.0
2021,5,6,12,28.8,68,0.0,5.0
2021,5,6,15,26.0,82,0.0,5.0
2021,5,6,18,25.5,82,0.0,1.0
2021,5,6,21,23.0,95,22.0,8.0
2021,5,7,0,22.0,95,4.0,0.0
2021,5,7,3,27.0,75,0.0,6.0
2021,5,7,6,30.5,66,0.0,5.0
2021,5,7,9,32.6,57,0.0,5.0
2021,5,7,12,23.4,89,9.2,5.0
2021,5,7,15,23.0,91,0.0,0.0
2021,5,7,18,22.0,91,0.0,0.0
2021,5,7,21,22.0,94,2.0,6.0
2021,5,8,0,21.8,97,7.4,4.0
2021,5,8,3,22.7,93,3.2,0.0
2021,5,8,6,28.0,67,0.0,5.0
2021,5,8,9,30.5,59,0.0,0.0
2021,5,8,12,29.0,68,0.0,5.0
2021,5,8,15,26.0,82,0.0,0.0
2021,5,8,18,24.5,87,0.0,0.0
2021,5,8,21,23.0,90,0.0,0.0
2021,5,9,0,23.5,89,0.0,4.0
2021,5,9,3,29.0,68,0.0,0.0
2021,5,9,6,28.4,75,0.0,6.0
2021,5,9,9,26.6,78,8.0,0.0
2021,5,9,12,27.8,77,0.0,0.0
2021,5,9,15,25.0,82,0.0,0.0
2021,5,9,18,24.2,89,0.0,0.0
2021,5,9,21,23.0,91,0.0,0.0
2021,5,10,0,22.6,94,0.0,0.0
2021,5,10,3,28.5,68,0.0,4.0
2021,5,10,6,32.0,60,0.0,5.0
2021,5,10,9,25.5,80,26.0,0.0
2021,5,10,12,27.5,67,0.0,0.0
2021,5,10,15,25.0,82,0.0,0.0
2021,5,10,18,24.0,90,1.0,0.0
2021,5,10,21,23.5,95,2.0,0.0
2021,5,11,0,23.0,96,0.6,0.0
2021,5,11,3,25.5,82,0.0,4.0
2021,5,11,6,26.5,75,0.0,5.0
2021,5,11,9,26.4,71,0.0,6.0
2021,5,11,12,26.0,78,0.0,0.0
2021,5,11,15,24.2,85,0.0,0.0
2021,5,11,18,23.0,91,0.0,0.0
2021,5,11,21,23.0,91,0.0,0.0
2021,5,12,0,23.2,93,0.0,0.0
2021,5,12,3,26.5,79,0.0,5.0
2021,5,12,6,29.0,68,0.0,4.0
2021,5,12,9,26.4,81,2.0,5.0
2021,5,12,12,25.0,79,0.0,5.0
2021,5,12,15,23.2,93,3.0,0.0
2021,5,12,18,22.6,91,1.0,0.0
2021,5,12,21,22.4,94,0.0,0.0
2021,5,13,0,22.0,95,1.0,0.0
2021,5,13,3,26.2,77,0.0,4.0
2021,5,13,6,24.0,89,15.0,5.0
2021,5,13,9,28.5,68,0.5,0.0
2021,5,13,12,28.0,75,0.0,0.0
2021,5,13,15,25.2,85,0.0,0.0
2021,5,13,18,23.5,91,0.0,0.0
2021,5,13,21,23.4,92,0.0,0.0
2021,5,14,0,23.0,94,0.0,0.0
2021,5,14,3,27.0,83,0.0,0.0
2021,5,14,6,31.0,59,0.0,6.0
2021,5,14,9,32.5,56,0.0,6.0
2021,5,14,12,31.0,63,0.0,5.0
2021,5,14,15,27.0,83,0.0,0.0
2021,5,14,18,25.3,89,0.0,0.0
2021,5,14,21,25.0,91,0.0,0.0
2021,5,15,0,24.2,93,0.0,0.0
2021,5,15,3,31.5,66,0.0,0.0
2021,5,15,6,34.2,56,0.0,0.0
2021,5,15,9,36.2,50,0.0,0.0
2021,5,15,12,35.0,53,0.0,0.0
2021,5,15,15,29.0,80,0.0,5.0
2021,5,15,18,26.0,82,0.0,0.0
2021,5,15,21,25.5,87,0.0,0.0
2021,5,16,0,24.8,88,0.0,0.0
2021,5,16,3,26.2,85,0.0,5.0
2021,5,16,6,28.0,79,0.0,5.0
2021,5,16,9,31.6,69,0.0,5.0
2021,5,16,12,31.0,77,0.0,0.0
2021,5,16,15,28.7,86,0.0,5.0
2021,5,16,18,27.4,88,0.0,0.0
2021,5,16,21,26.8,90,0.0,0.0
2021,5,17,0,26.0,91,0.0,0.0
2021,5,17,3,29.0,80,0.0,5.0
2021,5,17,6,31.0,71,0.0,5.0
2021,5,17,9,32.0,70,0.0,5.0
2021,5,17,12,30.4,76,0.0,5.0
2021,5,17,15,27.8,87,0.0,0.0
2021,5,17,18,26.5,88,0.0,0.0
2021,5,17,21,26.0,87,0.0,0.0
2021,5,18,0,25.4,89,0.0,0.0
2021,5,18,3,29.4,76,0.0,5.0
2021,5,18,6,33.0,64,0.0,5.0
2021,5,18,9,35.0,53,0.0,5.0
2021,5,18,12,33.5,58,0.0,5.0
2021,5,18,15,29.5,80,0.0,0.0
2021,5,18,18,28.0,83,0.0,0.0
2021,5,18,21,27.2,82,0.0,0.0
2021,5,19,0,26.8,83,0.0,5.0
2021,5,19,3,31.8,65,0.0,6.0
2021,5,19,6,35.0,47,0.0,8.0
2021,5,19,9,35.5,51,0.0,9.0
2021,5,19,12,34.0,55,0.0,6.0
2021,5,19,15,30.0,69,0.0,0.0
2021,5,19,18,28.0,79,0.0,0.0
2021,5,19,21,27.4,73,0.0,0.0
2021,5,20,0,27.0,75,0.0,5.0
2021,5,20,3,32.4,58,0.0,7.0
2021,5,20,6,34.5,56,0.0,5.0
2021,5,20,9,29.0,76,0.6,1.0
2021,5,20,12,29.5,76,0.0,6.0
2021,5,20,15,26.8,89,0.0,0.0
2021,5,20,18,26.0,91,0.0,0.0
2021,5,20,21,26.0,95,0.0,0.0
2021,5,21,0,26.0,97,0.0,0.0
2021,5,21,3,27.6,78,0.0,0.0
2021,5,21,6,29.5,71,0.0,5.0
2021,5,21,9,32.0,63,0.0,0.0
2021,5,21,12,32.0,70,0.0,0.0
2021,5,21,15,28.4,85,0.0,0.0
2021,5,21,18,27.1,87,0.0,0.0
2021,5,21,21,24.4,96,55.0,8.0
2021,5,22,0,25.0,95,33.0,0.0
2021,5,22,3,27.5,79,0.0,0.0
2021,5,22,6,33.0,61,0.0,5.0
2021,5,22,9,35.0,56,0.0,5.0
2021,5,22,12,34.4,62,0.0,5.0
2021,5,22,15,29.5,84,0.0,0.0
2021,5,22,18,28.0,86,0.0,0.0
2021,5,22,21,27.6,91,0.0,0.0
2021,5,23,0,27.8,93,0.0,0.0
2021,5,23,3,33.4,62,0.0,0.0
2021,5,23,6,37.0,51,0.0,4.0
2021,5,23,9,37.8,48,0.0,6.0
2021,5,23,12,35.0,59,0.0,5.0
2021,5,23,15,31.0,77,0.0,0.0
2021,5,23,18,29.3,83,0.0,0.0
2021,5,23,21,29.0,88,0.0,0.0
2021,5,24,0,28.8,90,0.0,0.0
2021,5,24,3,33.0,70,0.0,5.0
2021,5,24,6,36.2,58,0.0,5.0
2021,5,24,9,37.2,48,0.0,5.0
2021,5,24,12,35.0,62,0.0,0.0
2021,5,24,15,30.0,78,0.6,5.0
2021,5,24,18,29.0,83,0.0,7.0
2021,5,24,21,26.0,91,6.0,0.0
2021,5,25,0,25.4,93,8.5,0.0
2021,5,25,3,26.4,92,0.8,2.0
2021,5,25,6,29.5,81,0.0,0.0
2021,5,25,9,31.2,72,0.0,8.0
2021,5,25,12,30.5,77,0.0,5.0
2021,5,25,15,29.0,80,0.0,0.0
2021,5,25,18,27.8,85,2.0,0.0
2021,5,25,21,27.4,95,3.0,0.0
2021,5,26,0,27.0,97,2.0,0.0
2021,5,26,3,28.0,87,0.0,5.0
2021,5,26,6,32.0,70,0.0,7.0
2021,5,26,9,32.6,67,0.0,6.0
2021,5,26,12,30.0,73,1.0,5.0
2021,5,26,15,27.5,83,0.0,5.0
2021,5,26,18,27.2,87,0.0,0.0
2021,5,26,21,27.2,87,2.0,5.0
2021,5,27,0,27.0,85,1.4,1.0
2021,5,27,3,27.0,83,0.8,7.0
2021,5,27,6,26.5,91,5.6,1.0
2021,5,27,9,27.5,83,0.2,7.0
2021,5,27,12,26.0,90,4.2,6.0
2021,5,27,15,25.0,91,4.0,9.0
2021,5,27,18,26.5,86,0.0,1.0
2021,5,27,21,25.4,88,1.0,6.0
2021,5,28,0,24.5,91,0.6,1.0
2021,5,28,3,27.0,83,0.0,8.0
2021,5,28,6,25.6,97,21.0,8.0
2021,5,28,9,27.0,87,2.4,5.0
2021,5,28,12,27.7,86,0.0,0.0
2021,5,28,15,26.5,87,0.0,5.0
2021,5,28,18,26.0,91,0.0,0.0
2021,5,28,21,26.4,90,0.0,0.0
2021,5,29,0,26.0,91,0.0,0.0
2021,5,29,3,30.0,76,0.0,5.0
2021,5,29,6,33.5,60,0.0,5.0
2021,5,29,9,34.8,56,0.0,0.0
2021,5,29,12,33.0,61,0.0,0.0
2021,5,29,15,29.5,84,0.0,2.0
2021,5,29,18,28.3,89,0.0,0.0
2021,5,29,21,28.2,92,0.0,0.0
2021,5,30,0,28.0,93,0.0,0.0
2021,5,30,3,32.0,74,0.0,0.0
2021,5,30,6,34.0,62,0.0,5.0
2021,5,30,9,31.5,68,0.0,0.0
2021,5,30,12,30.0,76,0.0,4.0
2021,5,30,15,27.8,89,0.0,0.0
2021,5,30,18,27.5,91,0.0,0.0
2021,5,30,21,25.0,96,4.0,0.0
2021,5,31,0,26.5,96,4.0,0.0
2021,5,31,3,29.5,83,0.0,5.0
2021,5,31,6,32.0,67,0.0,5.0
2021,5,31,9,30.2,75,0.0,8.0
2021,5,31,12,28.5,80,0.0,5.0
2021,5,31,15,27.5,83,0.0,0.0
2021,5,31,18,26.8,85,0.0,0.0
2021,5,31,21,26.6,89,0.0,0.0
2021,6,1,0,26.5,89,0.0,0.0
2021,6,1,3,27.0,90,0.0,7.0
2021,6,1,6,29.5,80,0.0,4.0
2021,6,1,9,31.6,73,0.0,0.0
2021,6,1,12,30.0,76,0.0,5.0
2021,6,1,15,29.0,83,0.0,0.0
2021,6,1,18,27.5,86,0.0,0.0
2021,6,1,21,27.0,88,0.0,0.0
2021,6,2,0,26.2,90,0.0,6.0
2021,6,2,3,29.5,69,0.0,6.0
2021,6,2,6,32.8,60,0.0,6.0
2021,6,2,9,35.5,51,0.0,6.0
2021,6,2,12,33.0,57,0.0,5.0
2021,6,2,15,29.5,80,0.0,0.0
2021,6,2,18,28.5,88,0.0,0.0
2021,6,2,21,28.2,90,0.0,0.0
2021,6,3,0,28.0,92,0.0,0.0
2021,6,3,3,30.8,81,0.0,5.0
2021,6,3,6,34.4,63,0.0,4.0
2021,6,3,9,35.5,60,0.0,6.0
2021,6,3,12,34.0,71,0.0,0.0
2021,6,3,15,29.0,76,0.0,0.0
2021,6,3,18,28.2,88,0.0,0.0
2021,6,3,21,27.4,90,0.0,0.0
2021,6,4,0,27.0,92,0.0,0.0
2021,6,4,3,31.5,77,0.0,5.0
2021,6,4,6,35.0,64,0.0,8.0
2021,6,4,9,37.0,49,0.0,8.0
2021,6,4,12,35.5,56,0.0,6.0
2021,6,4,15,31.0,75,0.0,0.0
2021,6,4,18,29.5,84,0.0,0.0
2021,6,4,21,28.0,86,0.0,0.0
2021,6,5,0,27.0,88,0.0,0.0
2021,6,5,3,31.0,69,0.0,4.0
2021,6,5,6,35.4,54,0.0,6.0
2021,6,5,9,36.5,49,0.0,6.0
2021,6,5,12,27.0,88,4.5,0.0
2021,6,5,15,27.5,89,0.0,0.0
2021,6,5,18,28.1,86,0.0,0.0
2021,6,5,21,27.4,90,0.0,0.0
2021,6,6,0,27.0,87,0.0,0.0
2021,6,6,3,29.2,83,0.0,4.0
2021,6,6,6,33.0,64,0.0,5.0
2021,6,6,9,33.5,68,0.0,2.0
2021,6,6,12,30.2,79,0.4,6.0
2021,6,6,15,26.5,87,13.4,0.0
2021,6,6,18,26.0,91,7.5,0.0
2021,6,6,21,26.0,92,0.0,0.0
2021,6,7,0,26.0,93,0.0,0.0
2021,6,7,3,29.0,83,0.0,5.0
2021,6,7,6,33.5,65,0.0,6.0
2021,6,7,9,34.0,68,0.0,5.0
2021,6,7,12,28.0,83,2.0,0.0
2021,6,7,15,26.5,87,0.0,0.0
2021,6,7,18,26.2,90,0.0,5.0
2021,6,7,21,26.0,91,0.0,6.0
2021,6,8,0,26.0,91,0.0,5.0
2021,6,8,3,27.5,88,0.0,5.0
2021,6,8,6,30.0,76,0.0,5.0
2021,6,8,9,32.3,69,0.0,6.0
2021,6,8,12,30.8,78,0.0,5.0
2021,6,8,15,26.5,87,26.0,8.0
2021,6,8,18,25.5,91,0.0,5.0
2021,6,8,21,25.8,91,0.0,4.0
2021,6,9,0,26.0,91,0.0,0.0
2021,6,9,3,27.8,85,0.0,5.0
2021,6,9,6,30.5,79,0.0,6.0
2021,6,9,9,32.2,69,0.0,5.0
2021,6,9,12,32.0,70,0.0,5.0
2021,6,9,15,29.0,86,0.0,0.0
2021,6,9,18,27.5,89,0.0,0.0
2021,6,9,21,27.2,90,0.0,0.0
2021,6,10,0,27.5,92,0.0,0.0
2021,6,10,3,32.2,62,0.0,5.0
2021,6,10,6,35.4,60,0.0,6.0
2021,6,10,9,35.5,57,0.0,5.0
2021,6,10,12,32.0,66,0.0,5.0
2021,6,10,15,28.0,83,0.0,5.0
2021,6,10,18,27.0,90,0.4,0.0
2021,6,10,21,27.0,92,0.0,0.0
2021,6,11,0,27.2,90,0.0,0.0
2021,6,11,3,29.0,82,0.0,0.0
2021,6,11,6,27.4,88,2.6,5.0
2021,6,11,9,29.2,78,6.8,6.0
2021,6,11,12,29.4,78,0.0,5.0
2021,6,11,15,28.8,80,0.0,0.0
2021,6,11,18,28.0,83,0.0,0.0
2021,6,11,21,27.0,96,4.4,0.0
2021,6,12,0,26.0,95,12.0,0.0
2021,6,12,3,28.0,92,2.0,5.0
2021,6,12,6,30.0,76,0.6,6.0
2021,6,12,9,29.0,83,0.6,6.0
2021,6,12,12,29.3,83,2.4,5.0
2021,6,12,15,27.5,88,0.0,0.0
2021,6,12,18,27.2,90,0.0,6.0
2021,6,12,21,27.0,91,0.0,5.0
2021,6,13,0,26.8,92,0.0,4.0
2021,6,13,3,29.4,80,0.0,6.0
2021,6,13,6,33.5,68,0.0,7.0
2021,6,13,9,34.0,63,0.0,5.0
2021,6,13,12,33.2,64,0.0,5.0
2021,6,13,15,30.5,80,0.0,0.0
2021,6,13,18,29.0,85,0.0,0.0
2021,6,13,21,28.4,89,0.0,0.0
2021,6,14,0,28.0,90,0.0,4.0
2021,6,14,3,29.2,82,0.0,8.0
2021,6,14,6,32.0,69,0.0,6.0
2021,6,14,9,32.5,65,0.0,5.0
2021,6,14,12,31.6,73,0.0,5.0
2021,6,14,15,29.8,81,0.0,6.0
2021,6,14,18,28.0,86,0.0,5.0
2021,6,14,21,27.8,92,0.0,5.0
2021,6,15,0,28.0,90,0.0,6.0
2021,6,15,3,30.5,77,0.0,6.0
2021,6,15,6,33.5,65,0.0,6.0
2021,6,15,9,33.5,65,0.0,6.0
2021,6,15,12,30.0,88,2.0,0.0
2021,6,15,15,28.0,92,11.0,0.0
2021,6,15,18,27.7,90,0.0,5.0
2021,6,15,21,27.4,90,0.0,4.0
2021,6,16,0,27.2,92,0.0,5.0
2021,6,16,3,29.2,82,0.0,6.0
2021,6,16,6,32.0,70,0.0,8.0
2021,6,16,9,34.0,58,0.0,8.0
2021,6,16,12,32.5,63,0.0,5.0
2021,6,16,15,29.5,80,0.0,0.0
2021,6,16,18,28.5,83,0.0,6.0
2021,6,16,21,28.0,85,0.0,6.0
2021,6,17,0,27.0,87,0.0,6.0
2021,6,17,3,30.2,71,0.0,8.0
2021,6,17,6,33.0,61,0.0,8.0
2021,6,17,9,33.0,61,0.0,5.0
2021,6,17,12,31.0,68,0.0,5.0
2021,6,17,15,28.0,79,0.0,4.0
2021,6,17,18,27.5,85,0.0,5.0
2021,6,17,21,27.0,90,2.6,5.0
2021,6,18,0,26.0,91,0.0,5.0
2021,6,18,3,27.8,83,0.0,7.0
2021,6,18,6,29.0,80,0.2,1.0
2021,6,18,9,29.8,76,9.0,8.0
2021,6,18,12,29.5,78,0.0,5.0
2021,6,18,15,27.5,83,0.0,5.0
2021,6,18,18,26.8,85,0.0,5.0
2021,6,18,21,26.4,91,0.0,0.0
2021,6,19,0,26.0,93,2.4,0.0
2021,6,19,3,27.5,88,2.0,8.0
2021,6,19,6,29.0,80,0.2,8.0
2021,6,19,9,28.6,83,0.2,6.0
2021,6,19,12,28.2,90,0.2,0.0
2021,6,19,15,26.8,90,6.0,0.0
2021,6,19,18,27.2,87,0.0,0.0
2021,6,19,21,26.6,92,0.0,0.0
2021,6,20,0,26.2,93,0.0,0.0
2021,6,20,3,26.0,96,2.4,6.0
2021,6,20,6,27.5,88,1.0,0.0
2021,6,20,9,29.4,77,0.0,0.0
2021,6,20,12,28.5,83,0.0,0.0
2021,6,20,15,26.7,87,0.0,0.0
2021,6,20,18,26.5,92,0.0,0.0
2021,6,20,21,26.8,92,0.6,0.0
2021,6,21,0,26.5,93,0.8,0.0
2021,6,21,3,27.2,93,0.0,0.0
2021,6,21,6,32.0,70,0.0,2.0
2021,6,21,9,34.5,59,0.0,6.0
2021,6,21,12,31.8,74,0.0,5.0
2021,6,21,15,29.0,88,0.0,0.0
2021,6,21,18,28.2,90,0.0,0.0
2021,6,21,21,27.6,92,0.0,0.0
2021,6,22,0,26.8,93,0.0,0.0
2021,6,22,3,31.2,79,0.0,0.0
2021,6,22,6,34.0,65,0.0,5.0
2021,6,22,9,34.8,61,0.0,5.0
2021,6,22,12,30.2,82,2.2,0.0
2021,6,22,15,28.5,83,0.0,0.0
2021,6,22,18,27.5,88,0.0,0.0
2021,6,22,21,27.8,92,0.0,0.0
2021,6,23,0,27.5,93,0.0,0.0
2021,6,23,3,31.0,73,0.0,6.0
2021,6,23,6,35.0,56,0.0,6.0
2021,6,23,9,35.0,53,0.0,8.0
2021,6,23,12,31.5,70,0.0,0.0
2021,6,23,15,29.8,82,0.0,0.0
2021,6,23,18,29.2,83,0.0,0.0
2021,6,23,21,28.5,88,0.0,0.0
2021,6,24,0,28.2,90,0.0,0.0
2021,6,24,3,31.0,73,0.0,5.0
2021,6,24,6,33.0,63,0.0,6.0
2021,6,24,9,34.8,54,0.0,6.0
2021,6,24,12,33.0,64,0.0,0.0
2021,6,24,15,30.0,76,0.0,0.0
2021,6,24,18,29.2,82,0.0,0.0
2021,6,24,21,28.4,89,0.0,0.0
2021,6,25,0,27.6,93,0.0,0.0
2021,6,25,3,30.0,84,0.0,0.0
2021,6,25,6,32.5,67,0.0,6.0
2021,6,25,9,34.5,59,0.0,5.0
2021,6,25,12,33.1,61,0.0,5.0
2021,6,25,15,29.5,80,0.0,6.0
2021,6,25,18,29.0,83,0.0,5.0
2021,6,25,21,28.4,92,0.0,0.0
2021,6,26,0,28.2,93,3.6,0.0
2021,6,26,3,30.5,80,1.0,6.0
2021,6,26,6,32.0,70,0.0,3.0
2021,6,26,9,28.0,92,27.0,0.0
2021,6,26,12,27.8,93,13.0,0.0
2021,6,26,15,27.2,95,0.0,0.0
2021,6,26,18,26.6,95,0.0,0.0
2021,6,26,21,26.6,95,0.0,0.0
2021,6,27,0,26.6,96,0.0,0.0
2021,6,27,3,30.5,82,0.0,5.0
2021,6,27,6,28.0,88,5.6,2.0
2021,6,27,9,32.8,68,0.0,5.0
2021,6,27,12,31.0,77,0.0,5.0
2021,6,27,15,27.3,90,4.2,8.0
2021,6,27,18,27.5,92,0.0,5.0
2021,6,27,21,27.6,90,0.0,0.0
2021,6,28,0,28.5,90,0.0,6.0
2021,6,28,3,30.0,78,0.0,6.0
2021,6,28,6,32.5,70,0.0,6.0
2021,6,28,9,32.2,73,0.2,0.0
2021,6,28,12,31.0,77,0.8,1.0
2021,6,28,15,27.6,91,1.0,5.0
2021,6,28,18,27.2,90,0.0,0.0
2021,6,28,21,27.5,92,0.0,0.0
2021,6,29,0,28.0,92,0.0,15.0
2021,6,29,3,27.2,92,0.0,6.0
2021,6,29,6,28.0,92,2.0,6.0
2021,6,29,9,27.2,93,9.6,8.0
2021,6,29,12,27.7,93,4.0,5.0
2021,6,29,15,27.8,95,3.0,5.0
2021,6,29,18,28.2,92,1.0,5.0
2021,6,29,21,27.0,92,0.0,0.0
2021,6,30,0,26.8,93,11.2,0.0
2021,6,30,3,26.6,91,19.0,5.0
2021,6,30,6,27.0,95,3.0,0.0
2021,6,30,9,27.5,83,0.8,0.0
2021,6,30,12,27.2,86,0.0,0.0
2021,6,30,15,26.4,91,0.0,0.0
2021,6,30,18,25.5,96,0.4,5.0
2021,6,30,21,25.8,93,1.0,4.0
2021,7,1,0,26.0,91,0.0,0.0
2021,7,1,3,26.0,93,12.6,0.0
2021,7,1,6,27.2,90,0.0,4.0
2021,7,1,9,26.5,92,6.6,6.0
2021,7,1,12,27.0,87,0.0,0.0
2021,7,1,15,26.6,91,0.0,0.0
2021,7,1,18,26.2,91,0.0,0.0
2021,7,1,21,26.0,91,0.4,0.0
2021,7,2,0,26.0,93,0.0,0.0
2021,7,2,3,26.6,91,1.2,0.0
2021,7,2,6,25.8,93,4.0,0.0
2021,7,2,9,31.2,75,0.4,0.0
2021,7,2,12,29.8,78,0.0,5.0
2021,7,2,15,28.0,88,0.0,0.0
2021,7,2,18,27.7,88,0.0,8.0
2021,7,2,21,26.8,92,0.0,0.0
2021,7,3,0,26.0,93,2.6,0.0
2021,7,3,3,26.8,92,0.4,0.0
2021,7,3,6,29.0,83,0.0,0.0
2021,7,3,9,28.5,92,0.4,5.0
2021,7,3,12,29.8,84,0.0,0.0
2021,7,3,15,28.3,92,0.0,0.0
2021,7,3,18,27.8,92,0.0,0.0
2021,7,3,21,26.6,93,0.0,0.0
2021,7,4,0,26.6,93,0.0,0.0
2021,7,4,3,28.0,90,0.0,0.0
2021,7,4,6,31.4,77,0.0,5.0
2021,7,4,9,33.6,65,0.0,10.0
2021,7,4,12,32.4,71,0.0,10.0
2021,7,4,15,27.6,95,13.0,6.0
2021,7,4,18,26.8,95,52.0,0.0
2021,7,4,21,27.0,93,5.0,0.0
2021,7,5,0,27.4,95,0.0,0.0
2021,7,5,3,28.5,92,0.0,0.0
2021,7,5,6,32.4,71,0.0,2.0
2021,7,5,9,34.0,58,0.0,0.0
2021,7,5,12,29.0,76,0.6,0.0
2021,7,5,15,28.8,90,1.8,0.0
2021,7,5,18,28.5,92,0.0,0.0
2021,7,5,21,28.2,92,0.0,0.0
2021,7,6,0,28.4,93,0.0,0.0
2021,7,6,3,30.5,80,0.0,0.0
2021,7,6,6,32.0,74,1.2,0.0
2021,7,6,9,32.0,77,0.0,5.0
2021,7,6,12,30.7,83,0.0,5.0
2021,7,6,15,29.0,83,0.0,0.0
2021,7,6,18,28.5,84,0.0,0.0
2021,7,6,21,28.0,93,0.0,0.0
2021,7,7,0,27.5,96,0.0,0.0
2021,7,7,3,29.2,86,0.0,0.0
2021,7,7,6,31.4,74,0.0,0.0
2021,7,7,9,32.5,72,0.0,5.0
2021,7,7,12,31.5,77,0.0,6.0
2021,7,7,15,28.2,90,0.0,6.0
2021,7,7,18,28.0,92,0.0,5.0
2021,7,7,21,27.4,88,0.0,0.0
2021,7,8,0,27.0,90,0.0,0.0
2021,7,8,3,30.0,78,0.0,5.0
2021,7,8,6,31.0,73,0.0,0.0
2021,7,8,9,33.2,65,0.0,5.0
2021,7,8,12,32.2,66,0.0,5.0
2021,7,8,15,29.5,84,0.0,5.0
2021,7,8,18,28.5,88,0.0,0.0
2021,7,8,21,28.2,90,0.0,0.0
2021,7,9,0,28.0,92,0.0,0.0
2021,7,9,3,32.0,77,0.0,4.0
2021,7,9,6,34.0,62,0.0,5.0
2021,7,9,9,35.0,54,0.0,5.0
2021,7,9,12,33.6,63,0.0,0.0
2021,7,9,15,30.2,84,0.0,0.0
2021,7,9,18,29.0,86,0.0,0.0
2021,7,9,21,29.0,87,0.0,0.0
2021,7,10,0,29.0,88,0.0,0.0
2021,7,10,3,31.8,73,0.0,0.0
2021,7,10,6,32.7,69,0.0,5.0
2021,7,10,9,35.0,59,0.0,0.0
2021,7,10,12,33.0,67,0.0,5.0
2021,7,10,15,30.0,82,0.0,5.0
2021,7,10,18,29.5,87,0.0,5.0
2021,7,10,21,28.4,90,0.0,0.0
2021,7,11,0,28.8,92,0.0,0.0
2021,7,11,3,30.0,84,0.0,5.0
2021,7,11,6,33.0,67,0.0,5.0
2021,7,11,9,34.7,60,0.0,5.0
2021,7,11,12,32.0,70,0.0,0.0
2021,7,11,15,30.0,83,0.0,0.0
2021,7,11,18,28.5,91,0.0,0.0
2021,7,11,21,28.4,92,0.0,0.0
2021,7,12,0,28.0,92,0.0,0.0
2021,7,12,3,32.0,77,0.0,6.0
2021,7,12,6,36.0,57,0.0,2.0
2021,7,12,9,36.0,47,0.0,0.0
2021,7,12,12,35.6,55,0.0,0.0
2021,7,12,15,31.2,82,0.0,0.0
2021,7,12,18,30.0,84,0.0,0.0
2021,7,12,21,27.4,92,2.8,0.0
2021,7,13,0,27.7,92,0.0,0.0
2021,7,13,3,30.0,88,0.0,5.0
2021,7,13,6,33.0,70,0.0,6.0
2021,7,13,9,35.0,59,0.0,0.0
2021,7,13,12,33.2,67,0.0,0.0
2021,7,13,15,30.4,83,0.0,0.0
2021,7,13,18,28.2,92,6.0,0.0
2021,7,13,21,28.2,93,0.0,0.0
2021,7,14,0,28.2,92,0.0,0.0
2021,7,14,3,29.0,87,0.0,5.0
2021,7,14,6,31.5,74,0.0,5.0
2021,7,14,9,32.8,64,0.0,0.0
2021,7,14,12,32.2,69,0.0,0.0
2021,7,14,15,29.6,84,0.0,0.0
2021,7,14,18,28.5,88,0.0,0.0
2021,7,14,21,28.6,87,0.0,0.0
2021,7,15,0,28.5,90,0.0,0.0
2021,7,15,3,29.2,90,0.0,0.0
2021,7,15,6,31.0,80,0.0,4.0
2021,7,15,9,31.0,77,0.0,5.0
2021,7,15,12,31.0,77,0.0,0.0
2021,7,15,15,29.0,86,0.0,0.0
2021,7,15,18,28.5,88,0.0,0.0
2021,7,15,21,27.8,90,0.0,0.0
2021,7,16,0,28.0,92,0.0,0.0
2021,7,16,3,31.5,74,0.0,6.0
2021,7,16,6,33.8,70,0.0,6.0
2021,7,16,9,30.5,80,0.0,5.0
2021,7,16,12,31.0,78,0.0,0.0
2021,7,16,15,27.0,96,18.0,0.0
2021,7,16,18,26.5,96,0.0,0.0
2021,7,16,21,27.0,96,0.0,0.0
2021,7,17,0,28.0,96,1.0,0.0
2021,7,17,3,27.4,97,7.4,0.0
2021,7,17,6,28.5,97,4.0,0.0
2021,7,17,9,28.0,92,1.0,0.0
2021,7,17,12,30.8,83,0.0,0.0
2021,7,17,15,29.0,92,0.0,0.0
2021,7,17,18,27.0,93,23.0,0.0
2021,7,17,21,26.5,93,0.6,0.0
2021,7,18,0,26.7,93,0.0,0.0
2021,7,18,3,29.0,84,0.0,0.0
2021,7,18,6,32.0,74,0.0,0.0
2021,7,18,9,34.5,62,0.0,0.0
2021,7,18,12,30.6,80,0.4,5.0
2021,7,18,15,28.7,88,0.0,0.0
2021,7,18,18,28.0,90,0.0,0.0
2021,7,18,21,28.0,89,0.0,0.0
2021,7,19,0,28.0,92,0.0,0.0
2021,7,19,3,28.6,92,0.0,0.0
2021,7,19,6,31.0,80,0.0,0.0
2021,7,19,9,31.5,74,0.0,0.0
2021,7,19,12,31.0,77,0.0,5.0
2021,7,19,15,29.0,88,0.0,0.0
2021,7,19,18,28.0,92,0.0,0.0
2021,7,19,21,28.0,92,0.0,0.0
2021,7,20,0,28.0,93,0.0,0.0
2021,7,20,3,29.8,84,0.0,0.0
2021,7,20,6,33.0,67,0.0,0.0
2021,7,20,9,30.0,92,5.0,0.0
2021,7,20,12,28.7,90,13.0,0.0
2021,7,20,15,28.2,93,0.0,0.0
2021,7,20,18,27.8,96,0.0,0.0
2021,7,20,21,27.4,92,0.0,0.0
2021,7,21,0,27.0,93,0.0,0.0
2021,7,21,3,31.5,74,0.0,0.0
2021,7,21,6,33.2,66,0.0,0.0
2021,7,21,9,34.5,60,0.0,0.0
2021,7,21,12,33.8,62,0.0,5.0
2021,7,21,15,30.6,81,0.0,0.0
2021,7,21,18,29.5,88,0.0,5.0
2021,7,21,21,28.8,90,0.0,0.0
2021,7,22,0,28.5,93,0.0,0.0
2021,7,22,3,32.5,70,0.0,5.0
2021,7,22,6,33.5,68,0.0,8.0
2021,7,22,9,35.5,60,0.0,5.0
2021,7,22,12,33.5,65,0.0,0.0
2021,7,22,15,30.2,82,0.0,0.0
2021,7,22,18,29.3,88,0.0,0.0
2021,7,22,21,29.0,86,0.0,0.0
2021,7,23,0,28.8,87,0.0,0.0
2021,7,23,3,30.6,73,0.0,5.0
2021,7,23,6,33.2,62,0.0,1.0
2021,7,23,9,32.2,71,0.0,5.0
2021,7,23,12,31.0,75,0.0,0.0
2021,7,23,15,29.0,82,0.0,0.0
2021,7,23,18,28.5,88,0.0,5.0
2021,7,23,21,28.2,83,0.0,5.0
2021,7,24,0,28.4,81,0.0,5.0
2021,7,24,3,30.6,75,0.0,6.0
2021,7,24,6,32.0,70,0.0,6.0
2021,7,24,9,32.2,69,0.0,5.0
2021,7,24,12,31.5,74,0.0,5.0
2021,7,24,15,29.5,81,0.0,0.0
2021,7,24,18,28.5,85,0.0,0.0
2021,7,24,21,28.2,90,0.0,0.0
2021,7,25,0,28.0,92,0.0,0.0
2021,7,25,3,30.5,78,0.0,4.0
2021,7,25,6,32.4,70,0.0,0.0
2021,7,25,9,35.0,61,0.0,0.0
2021,7,25,12,33.6,67,0.0,0.0
2021,7,25,15,30.0,81,0.0,8.0
2021,7,25,18,27.5,96,60.0,0.0
2021,7,25,21,28.0,93,0.0,0.0
2021,7,26,0,28.5,93,0.0,0.0
2021,7,26,3,30.5,87,0.0,5.0
2021,7,26,6,33.0,70,0.0,0.0
2021,7,26,9,28.5,92,23.0,0.0
2021,7,26,12,29.0,92,0.0,0.0
2021,7,26,15,28.5,93,0.0,0.0
2021,7,26,18,28.5,93,0.0,0.0
2021,7,26,21,28.2,93,0.0,0.0
2021,7,27,0,28.6,95,0.0,0.0
2021,7,27,3,30.0,86,0.0,5.0
2021,7,27,6,34.5,62,0.0,8.0
2021,7,27,9,34.0,65,0.0,7.0
2021,7,27,12,33.0,70,0.0,0.0
2021,7,27,15,31.0,81,0.0,0.0
2021,7,27,18,29.5,88,0.0,0.0
2021,7,27,21,29.2,90,0.0,0.0
2021,7,28,0,29.0,94,0.0,0.0
2021,7,28,3,33.0,67,0.0,5.0
2021,7,28,6,34.0,62,0.0,3.0
2021,7,28,9,36.8,54,0.0,0.0
2021,7,28,12,29.5,88,7.0,0.0
2021,7,28,15,29.5,92,0.0,0.0
2021,7,28,18,28.8,94,0.0,0.0
2021,7,28,21,27.2,92,0.0,0.0
2021,7,29,0,27.5,92,0.0,0.0
2021,7,29,3,30.8,77,0.0,5.0
2021,7,29,6,33.0,67,0.0,8.0
2021,7,29,9,28.2,89,14.0,5.0
2021,7,29,12,30.0,75,0.0,5.0
2021,7,29,15,29.5,76,0.0,1.0
2021,7,29,18,28.5,80,0.0,1.0
2021,7,29,21,28.5,83,0.0,1.0
2021,7,30,0,27.4,88,0.0,1.0
2021,7,30,3,29.5,80,0.0,6.0
2021,7,30,6,30.6,74,0.0,8.0
2021,7,30,9,32.0,70,0.0,5.0
2021,7,30,12,31.0,77,0.0,5.0
2021,7,30,15,28.6,87,1.0,5.0
2021,7,30,18,28.8,86,0.0,5.0
2021,7,30,21,28.0,92,0.0,4.0
2021,7,31,0,27.2,95,5.4,0.0
2021,7,31,3,28.8,86,2.2,5.0
2021,7,31,6,31.4,74,0.8,5.0
2021,7,31,9,33.0,67,0.0,5.0
2021,7,31,12,31.3,75,0.0,5.0
2021,7,31,15,28.5,83,0.0,0.0
2021,7,31,18,27.0,88,1.0,0.0
2021,7,31,21,27.4,90,0.0,0.0
2021,8,1,0,27.5,92,0.0,0.0
2021,8,1,3,30.0,80,0.0,5.0
2021,8,1,6,32.0,74,0.0,5.0
2021,8,1,9,33.0,64,0.0,5.0
2021,8,1,12,30.0,79,0.0,0.0
2021,8,1,15,28.5,88,0.0,0.0
2021,8,1,18,28.0,92,0.0,0.0
2021,8,1,21,26.2,96,20.0,0.0
2021,8,2,0,25.0,98,53.0,4.0
2021,8,2,3,25.6,95,27.2,0.0
2021,8,2,6,27.8,89,2.2,0.0
2021,8,2,9,32.4,66,0.0,0.0
2021,8,2,12,31.6,72,0.0,0.0
2021,8,2,15,29.0,90,0.0,0.0
2021,8,2,18,28.6,92,0.0,0.0
2021,8,2,21,28.4,92,0.0,0.0
2021,8,3,0,28.5,93,0.0,0.0
2021,8,3,3,31.0,77,0.0,4.0
2021,8,3,6,32.0,70,0.0,4.0
2021,8,3,9,29.0,88,56.0,0.0
2021,8,3,12,30.0,88,0.0,0.0
2021,8,3,15,29.0,83,0.0,0.0
2021,8,3,18,28.5,88,0.0,0.0
2021,8,3,21,28.2,92,0.0,0.0
2021,8,4,0,28.0,92,0.0,0.0
2021,8,4,3,27.5,89,2.0,5.0
2021,8,4,6,29.7,79,0.0,0.0
2021,8,4,9,33.0,67,0.0,0.0
2021,8,4,12,32.0,77,0.0,0.0
2021,8,4,15,30.0,88,0.0,0.0
2021,8,4,18,28.5,90,0.0,0.0
2021,8,4,21,28.0,92,0.0,0.0
2021,8,5,0,27.5,92,0.0,0.0
2021,8,5,3,32.0,74,0.0,0.0
2021,8,5,6,34.0,62,0.0,0.0
2021,8,5,9,36.0,60,0.0,0.0
2021,8,5,12,34.0,68,0.0,0.0
2021,8,5,15,30.5,83,0.0,0.0
2021,8,5,18,29.0,92,0.0,0.0
2021,8,5,21,29.0,94,0.0,0.0
2021,8,6,0,29.2,94,0.0,0.0
2021,8,6,3,33.5,71,0.0,0.0
2021,8,6,6,36.0,62,0.0,0.0
2021,8,6,9,35.0,62,0.0,8.0
2021,8,6,12,33.8,71,0.0,0.0
2021,8,6,15,27.5,83,13.8,5.0
2021,8,6,18,27.3,89,0.5,0.0
2021,8,6,21,27.0,91,0.0,0.0
2021,8,7,0,27.2,92,0.0,0.0
2021,8,7,3,29.4,80,0.0,8.0
2021,8,7,6,33.4,65,0.0,0.0
2021,8,7,9,35.0,59,0.0,5.0
2021,8,7,12,32.5,73,0.0,6.0
2021,8,7,15,27.5,92,13.8,0.0
2021,8,7,18,27.8,90,0.0,0.0
2021,8,7,21,27.2,92,13.0,0.0
2021,8,8,0,27.5,93,0.0,0.0
2021,8,8,3,30.8,78,0.0,5.0
2021,8,8,6,29.6,84,7.0,0.0
2021,8,8,9,32.5,70,0.0,5.0
2021,8,8,12,31.0,77,0.0,0.0
2021,8,8,15,29.0,88,0.0,0.0
2021,8,8,18,28.2,92,0.0,0.0
2021,8,8,21,28.0,92,0.0,0.0
2021,8,9,0,28.0,93,0.0,0.0
2021,8,9,3,30.0,80,0.0,4.0
2021,8,9,6,32.6,70,0.0,5.0
2021,8,9,9,34.5,62,0.0,5.0
2021,8,9,12,31.5,70,0.0,0.0
2021,8,9,15,29.5,88,0.0,0.0
2021,8,9,18,28.5,90,0.0,0.0
2021,8,9,21,28.0,92,0.0,0.0
2021,8,10,0,27.6,95,3.4,0.0
2021,8,10,3,29.5,84,0.0,0.0
2021,8,10,6,30.8,84,0.6,5.0
2021,8,10,9,33.5,65,0.0,5.0
2021,8,10,12,31.8,72,0.0,5.0
2021,8,10,15,30.0,84,0.0,0.0
2021,8,10,18,29.0,88,0.0,0.0
2021,8,10,21,28.4,90,0.0,0.0
2021,8,11,0,28.0,93,0.0,4.0
2021,8,11,3,30.0,84,0.0,0.0
2021,8,11,6,33.1,73,0.0,5.0
2021,8,11,9,34.0,66,0.0,5.0
2021,8,11,12,31.8,77,0.0,5.0
2021,8,11,15,30.0,87,0.0,0.0
2021,8,11,18,29.2,90,0.0,0.0
2021,8,11,21,28.6,92,0.0,0.0
2021,8,12,0,28.5,92,0.0,0.0
2021,8,12,3,30.6,84,0.0,0.0
2021,8,12,6,32.0,77,0.0,0.0
2021,8,12,9,28.2,90,11.0,5.0
2021,8,12,12,27.8,93,1.0,0.0
2021,8,12,15,28.0,92,0.0,0.0
2021,8,12,18,28.0,93,0.0,5.0
2021,8,12,21,27.4,93,0.0,0.0
2021,8,13,0,27.6,93,0.0,0.0
2021,8,13,3,29.5,88,0.0,0.0
2021,8,13,6,30.5,84,0.0,0.0
2021,8,13,9,31.0,84,1.0,0.0
2021,8,13,12,29.5,84,0.0,0.0
2021,8,13,15,29.0,90,0.0,0.0
2021,8,13,18,28.4,92,0.0,0.0
2021,8,13,21,28.2,92,0.0,5.0
2021,8,14,0,28.0,92,0.0,5.0
2021,8,14,3,29.0,88,0.0,0.0
2021,8,14,6,30.2,82,0.0,0.0
2021,8,14,9,33.2,69,0.0,6.0
2021,8,14,12,32.0,77,0.0,0.0
2021,8,14,15,28.0,89,1.0,0.0
2021,8,14,18,28.2,89,0.0,0.0
2021,8,14,21,28.0,92,6.0,0.0
2021,8,15,0,27.8,93,0.0,0.0
2021,8,15,3,29.5,86,0.0,0.0
2021,8,15,6,33.5,71,0.0,5.0
2021,8,15,9,31.3,82,0.2,12.0
2021,8,15,12,29.2,86,22.2,0.0
2021,8,15,15,28.0,92,1.0,0.0
2021,8,15,18,27.5,92,1.0,0.0
2021,8,15,21,27.8,92,0.0,0.0
2021,8,16,0,28.0,92,0.0,0.0
2021,8,16,3,29.0,87,0.0,0.0
2021,8,16,6,30.0,79,0.0,5.0
2021,8,16,9,32.5,70,0.0,5.0
2021,8,16,12,31.2,72,0.0,0.0
2021,8,16,15,29.5,84,0.0,5.0
2021,8,16,18,28.5,88,0.0,0.0
2021,8,16,21,28.4,89,0.0,0.0
2021,8,17,0,28.0,92,0.0,0.0
2021,8,17,3,30.0,79,0.0,0.0
2021,8,17,6,31.4,73,0.0,0.0
2021,8,17,9,33.5,65,0.4,5.0
2021,8,17,12,30.8,75,0.0,0.0
2021,8,17,15,29.0,88,0.0,0.0
2021,8,17,18,28.5,92,0.0,0.0
2021,8,17,21,27.2,93,18.8,0.0
2021,8,18,0,27.0,95,0.0,0.0
2021,8,18,3,29.0,86,0.0,0.0
2021,8,18,6,31.0,84,2.4,0.0
2021,8,18,9,29.0,88,15.0,0.0
2021,8,18,12,29.5,84,0.0,0.0
2021,8,18,15,29.0,88,0.0,0.0
2021,8,18,18,28.4,90,0.0,0.0
2021,8,18,21,28.0,90,0.0,0.0
2021,8,19,0,27.5,92,0.0,0.0
2021,8,19,3,30.4,77,0.0,0.0
2021,8,19,6,30.5,80,0.0,4.0
2021,8,19,9,28.5,76,5.4,4.0
2021,8,19,12,29.2,83,0.0,0.0
2021,8,19,15,28.8,83,0.0,5.0
2021,8,19,18,28.0,88,0.0,0.0
2021,8,19,21,27.6,92,0.0,0.0
2021,8,20,0,27.4,93,0.0,0.0
2021,8,20,3,29.0,83,0.0,0.0
2021,8,20,6,32.0,69,0.0,5.0
2021,8,20,9,33.0,64,0.0,5.0
2021,8,20,12,29.0,80,0.0,5.0
2021,8,20,15,28.5,88,0.0,0.0
2021,8,20,18,28.0,90,0.0,0.0
2021,8,20,21,27.8,92,0.0,0.0
2021,8,21,0,27.4,92,0.0,0.0
2021,8,21,3,33.0,66,0.0,0.0
2021,8,21,6,32.0,66,0.0,0.0
2021,8,21,9,32.6,64,0.0,5.0
2021,8,21,12,30.4,72,0.0,5.0
2021,8,21,15,28.5,88,0.0,0.0
2021,8,21,18,28.2,90,0.0,0.0
2021,8,21,21,27.4,91,0.0,0.0
2021,8,22,0,27.5,92,0.0,0.0
2021,8,22,3,30.0,80,0.0,5.0
2021,8,22,6,32.5,70,0.0,5.0
2021,8,22,9,34.3,63,0.0,10.0
2021,8,22,12,30.5,81,6.0,0.0
2021,8,22,15,28.3,83,0.0,0.0
2021,8,22,18,27.8,93,4.5,0.0
2021,8,22,21,27.4,92,0.0,0.0
2021,8,23,0,27.2,91,0.0,5.0
2021,8,23,3,29.0,83,0.0,4.0
2021,8,23,6,30.8,74,0.0,4.0
2021,8,23,9,32.5,74,0.0,0.0
2021,8,23,12,27.0,92,18.0,0.0
2021,8,23,15,26.8,93,2.2,0.0
2021,8,23,18,26.2,95,1.0,0.0
2021,8,23,21,26.6,95,0.0,0.0
2021,8,24,0,27.0,96,0.0,0.0
2021,8,24,3,33.2,69,0.0,5.0
2021,8,24,6,29.5,81,1.0,0.0
2021,8,24,9,29.0,88,0.0,5.0
2021,8,24,12,28.0,92,0.0,0.0
2021,8,24,15,29.0,88,1.0,0.0
2021,8,24,18,28.0,92,0.0,5.0
2021,8,24,21,27.8,92,0.0,0.0
2021,8,25,0,28.0,93,0.0,0.0
2021,8,25,3,29.6,87,0.0,4.0
2021,8,25,6,33.0,70,0.0,4.0
2021,8,25,9,29.4,89,2.2,8.0
2021,8,25,12,29.0,90,2.5,0.0
2021,8,25,15,28.2,90,0.0,0.0
2021,8,25,18,28.0,92,0.0,0.0
2021,8,25,21,28.0,93,0.0,0.0
2021,8,26,0,27.8,93,0.0,0.0
2021,8,26,3,28.0,97,1.4,0.0
2021,8,26,6,27.0,93,0.8,0.0
2021,8,26,9,27.0,93,33.2,0.0
2021,8,26,12,27.0,93,1.6,0.0
2021,8,26,15,26.6,95,1.8,0.0
2021,8,26,18,26.3,96,2.0,0.0
2021,8,26,21,26.2,95,3.0,0.0
2021,8,27,0,26.4,95,0.6,0.0
2021,8,27,3,27.0,92,4.0,5.0
2021,8,27,6,30.5,79,0.0,5.0
2021,8,27,9,29.0,90,10.0,0.0
2021,8,27,12,28.0,92,0.0,0.0
2021,8,27,15,28.0,92,0.0,0.0
2021,8,27,18,27.5,93,0.0,5.0
2021,8,27,21,27.0,93,0.0,0.0
2021,8,28,0,26.6,93,0.2,0.0
2021,8,28,3,27.5,93,0.6,0.0
2021,8,28,6,29.5,88,0.2,0.0
2021,8,28,9,29.5,84,0.0,0.0
2021,8,28,12,28.5,88,0.0,5.0
2021,8,28,15,27.5,92,0.0,0.0
2021,8,28,18,27.0,93,0.0,0.0
2021,8,28,21,27.0,93,0.0,0.0
2021,8,29,0,27.0,93,0.0,0.0
2021,8,29,3,27.5,88,0.0,0.0
2021,8,29,6,31.2,75,0.0,4.0
2021,8,29,9,32.8,68,0.0,8.0
2021,8,29,12,30.0,82,0.0,4.0
2021,8,29,15,28.6,85,0.0,0.0
2021,8,29,18,28.5,92,0.0,0.0
2021,8,29,21,28.2,92,0.0,0.0
2021,8,30,0,27.8,93,8.5,0.0
2021,8,30,3,28.5,92,0.0,0.0
2021,8,30,6,27.2,90,27.8,0.0
2021,8,30,9,27.2,93,4.0,0.0
2021,8,30,12,28.0,88,0.0,0.0
2021,8,30,15,27.0,92,0.0,0.0
2021,8,30,18,26.8,93,0.0,0.0
2021,8,30,21,26.3,93,0.0,0.0
2021,8,31,0,27.0,96,0.0,0.0
2021,8,31,3,30.5,77,0.0,0.0
2021,8,31,6,32.4,67,0.0,0.0
2021,8,31,9,34.4,58,0.0,0.0
2021,8,31,12,28.6,89,2.2,0.0
2021,8,31,15,27.5,92,0.0,0.0
2021,8,31,18,27.0,93,0.0,0.0
2021,8,31,21,27.2,92,0.0,0.0
2021,9,1,0,27.0,93,0.0,0.0
2021,9,1,3,29.5,84,0.0,0.0
2021,9,1,6,33.5,71,0.0,9.0
2021,9,1,9,33.0,69,1.0,8.0
2021,9,1,12,31.8,75,0.0,0.0
2021,9,1,15,29.5,88,0.0,0.0
2021,9,1,18,28.8,90,0.0,0.0
2021,9,1,21,28.6,92,0.0,0.0
2021,9,2,0,28.5,93,1.0,0.0
2021,9,2,3,24.0,95,21.4,0.0
2021,9,2,6,28.8,86,4.8,0.0
2021,9,2,9,28.8,86,0.0,0.0
2021,9,2,12,29.6,79,0.0,0.0
2021,9,2,15,28.0,92,0.0,0.0
2021,9,2,18,27.5,93,0.0,0.0
2021,9,2,21,27.3,93,0.0,0.0
2021,9,3,0,27.0,93,0.0,0.0
2021,9,3,3,30.5,73,0.0,0.0
2021,9,3,6,33.5,65,0.0,0.0
2021,9,3,9,33.4,66,0.0,0.0
2021,9,3,12,32.4,72,0.0,0.0
2021,9,3,15,29.5,88,0.0,0.0
2021,9,3,18,28.8,94,0.0,0.0
2021,9,3,21,28.4,93,0.0,0.0
2021,9,4,0,28.2,93,0.0,0.0
2021,9,4,3,31.5,77,0.0,0.0
2021,9,4,6,35.0,62,0.0,2.0
2021,9,4,9,35.4,63,0.0,5.0
2021,9,4,12,32.0,77,0.0,0.0
2021,9,4,15,30.4,87,0.0,0.0
2021,9,4,18,29.4,91,0.0,0.0
2021,9,4,21,28.8,93,0.0,0.0
2021,9,5,0,28.4,95,0.0,0.0
2021,9,5,3,31.4,81,0.0,0.0
2021,9,5,6,34.0,62,0.0,0.0
2021,9,5,9,33.0,69,0.0,0.0
2021,9,5,12,32.5,74,0.0,0.0
2021,9,5,15,30.0,88,0.0,0.0
2021,9,5,18,29.4,90,0.0,0.0
2021,9,5,21,27.0,92,0.0,0.0
2021,9,6,0,26.2,93,9.6,0.0
2021,9,6,3,28.0,88,0.0,0.0
2021,9,6,6,31.5,77,0.0,5.0
2021,9,6,9,34.5,62,0.0,5.0
2021,9,6,12,32.0,70,0.0,0.0
2021,9,6,15,29.2,90,0.0,0.0
2021,9,6,18,27.8,93,5.4,0.0
2021,9,6,21,25.6,93,5.0,0.0
2021,9,7,0,26.6,92,1.8,4.0
2021,9,7,3,27.0,92,1.4,4.0
2021,9,7,6,30.0,76,0.2,6.0
2021,9,7,9,31.0,73,0.0,5.0
2021,9,7,12,28.0,87,7.4,0.0
2021,9,7,15,27.2,93,0.0,0.0
2021,9,7,18,26.4,93,0.0,0.0
2021,9,7,21,26.0,95,3.0,0.0
2021,9,8,0,27.0,92,0.0,0.0
2021,9,8,3,30.8,78,0.0,0.0
2021,9,8,6,34.0,65,0.0,2.0
2021,9,8,9,33.2,66,0.0,5.0
2021,9,8,12,30.5,73,0.0,5.0
2021,9,8,15,28.0,88,0.0,0.0
2021,9,8,18,27.5,92,0.0,0.0
2021,9,8,21,27.4,93,0.2,0.0
2021,9,9,0,27.0,95,0.0,0.0
2021,9,9,3,31.4,74,0.0,0.0
2021,9,9,6,33.4,64,0.0,5.0
2021,9,9,9,34.2,57,0.0,5.0
2021,9,9,12,31.5,74,0.0,0.0
2021,9,9,15,29.0,83,0.0,0.0
2021,9,9,18,28.4,87,0.0,0.0
2021,9,9,21,27.6,89,0.0,0.0
2021,9,10,0,27.0,90,0.0,0.0
2021,9,10,3,31.5,69,0.0,6.0
2021,9,10,6,34.4,62,0.0,8.0
2021,9,10,9,35.8,55,0.0,5.0
2021,9,10,12,33.0,74,0.0,8.0
2021,9,10,15,30.0,87,0.2,0.0
2021,9,10,18,29.2,90,0.0,0.0
2021,9,10,21,28.0,89,0.0,0.0
2021,9,11,0,27.0,87,0.0,2.0
2021,9,11,3,28.0,82,0.0,0.0
2021,9,11,6,32.0,66,0.0,0.0
2021,9,11,9,34.2,61,0.0,0.0
2021,9,11,12,32.0,74,0.0,0.0
2021,9,11,15,29.4,91,0.0,0.0
2021,9,11,18,29.0,92,0.0,0.0
2021,9,11,21,28.6,92,0.0,0.0
2021,9,12,0,28.2,93,0.0,0.0
2021,9,12,3,30.4,85,0.0,5.0
2021,9,12,6,35.0,62,0.0,5.0
2021,9,12,9,34.4,59,0.0,5.0
2021,9,12,12,33.0,70,0.0,0.0
2021,9,12,15,30.5,84,0.0,0.0
2021,9,12,18,29.5,88,0.0,0.0
2021,9,12,21,28.2,85,0.0,0.0
2021,9,13,0,27.4,87,0.0,0.0
2021,9,13,3,31.0,71,0.0,5.0
2021,9,13,6,32.5,67,0.0,5.0
2021,9,13,9,35.0,59,0.0,0.0
2021,9,13,12,32.5,74,0.0,0.0
2021,9,13,15,30.7,83,0.0,0.0
2021,9,13,18,29.3,88,0.0,0.0
2021,9,13,21,28.0,88,0.0,5.0
2021,9,14,0,27.0,87,0.0,5.0
2021,9,14,3,30.0,76,0.0,6.0
2021,9,14,6,31.0,75,0.0,5.0
2021,9,14,9,31.0,71,0.0,4.0
2021,9,14,12,30.0,80,0.0,8.0
2021,9,14,15,26.6,93,3.0,5.0
2021,9,14,18,26.8,92,0.0,0.0
2021,9,14,21,26.4,91,0.0,0.0
2021,9,15,0,26.5,93,0.0,0.0
2021,9,15,3,30.0,80,0.0,0.0
2021,9,15,6,33.0,68,0.0,5.0
2021,9,15,9,34.0,62,0.0,0.0
2021,9,15,12,31.8,74,0.0,0.0
2021,9,15,15,29.5,88,0.0,0.0
2021,9,15,18,28.4,90,0.0,0.0
2021,9,15,21,27.6,92,0.0,0.0
2021,9,16,0,27.0,92,0.0,0.0
2021,9,16,3,30.5,75,0.0,4.0
2021,9,16,6,32.0,70,0.0,4.0
2021,9,16,9,32.2,69,0.0,4.0
2021,9,16,12,30.0,78,0.0,4.0
2021,9,16,15,27.0,83,0.0,7.0
2021,9,16,18,26.7,89,0.0,6.0
2021,9,16,21,26.2,90,0.0,0.0
2021,9,17,0,26.0,91,0.0,0.0
2021,9,17,3,28.0,87,0.0,0.0
2021,9,17,6,32.5,70,0.0,5.0
2021,9,17,9,33.5,67,0.0,5.0
2021,9,17,12,28.0,97,30.0,0.0
2021,9,17,15,26.6,93,2.0,0.0
2021,9,17,18,27.0,92,0.0,0.0
2021,9,17,21,26.0,93,0.0,0.0
2021,9,18,0,25.0,96,8.6,0.0
2021,9,18,3,27.0,95,26.0,0.0
2021,9,18,6,26.0,96,51.0,0.0
2021,9,18,9,29.5,84,25.2,5.0
2021,9,18,12,28.7,86,0.0,0.0
2021,9,18,15,26.6,93,0.0,0.0
2021,9,18,18,26.0,95,0.0,0.0
2021,9,18,21,25.8,95,0.0,0.0
2021,9,19,0,25.6,95,0.0,0.0
2021,9,19,3,29.6,81,0.0,5.0
2021,9,19,6,30.8,75,0.0,5.0
2021,9,19,9,33.0,67,0.0,0.0
2021,9,19,12,31.0,77,0.0,5.0
2021,9,19,15,28.2,81,0.0,0.0
2021,9,19,18,27.0,87,0.0,0.0
2021,9,19,21,26.8,91,0.0,0.0
2021,9,20,0,26.5,93,0.0,0.0
2021,9,20,3,31.0,73,0.0,4.0
2021,9,20,6,31.6,70,0.0,8.0
2021,9,20,9,32.6,67,0.0,5.0
2021,9,20,12,31.0,74,0.0,0.0
2021,9,20,15,28.0,92,0.0,0.0
2021,9,20,18,27.0,93,0.0,0.0
2021,9,20,21,27.0,93,0.0,0.0
2021,9,21,0,27.0,93,0.0,0.0
2021,9,21,3,31.0,75,0.0,5.0
2021,9,21,6,33.0,64,0.0,5.0
2021,9,21,9,32.8,62,0.0,15.0
2021,9,21,12,29.0,88,0.5,0.0
2021,9,21,15,26.5,87,0.0,5.0
2021,9,21,18,25.8,91,0.0,0.0
2021,9,21,21,25.4,92,0.0,0.0
2021,9,22,0,25.2,93,0.0,0.0
2021,9,22,3,28.8,81,0.0,7.0
2021,9,22,6,30.7,73,0.0,5.0
2021,9,22,9,33.0,63,0.0,5.0
2021,9,22,12,30.0,76,0.0,0.0
2021,9,22,15,27.5,88,0.0,0.0
2021,9,22,18,26.5,92,0.0,0.0
2021,9,22,21,26.6,93,0.0,0.0
2021,9,23,0,26.8,93,0.0,0.0
2021,9,23,3,29.0,83,0.0,0.0
2021,9,23,6,33.0,67,0.0,5.0
2021,9,23,9,34.2,58,0.0,5.0
2021,9,23,12,31.2,69,0.0,0.0
2021,9,23,15,28.0,92,0.0,0.0
2021,9,23,18,27.4,93,0.0,0.0
2021,9,23,21,27.0,95,0.0,0.0
2021,9,24,0,26.5,96,0.0,0.0
2021,9,24,3,32.0,72,0.0,0.0
2021,9,24,6,35.0,58,0.0,5.0
2021,9,24,9,36.0,57,0.0,5.0
2021,9,24,12,32.0,74,0.0,0.0
2021,9,24,15,29.0,88,0.0,0.0
2021,9,24,18,28.0,92,0.0,0.0
2021,9,24,21,27.6,91,0.0,0.0
2021,9,25,0,27.2,92,0.0,0.0
2021,9,25,3,32.5,73,0.0,5.0
2021,9,25,6,35.6,58,0.0,5.0
2021,9,25,9,35.4,59,0.0,5.0
2021,9,25,12,32.0,79,0.0,0.0
2021,9,25,15,30.5,84,0.0,0.0
2021,9,25,18,29.0,88,0.0,0.0
2021,9,25,21,28.8,92,0.0,0.0
2021,9,26,0,28.4,89,0.0,0.0
2021,9,26,3,31.5,81,0.0,5.0
2021,9,26,6,34.8,61,0.0,4.0
2021,9,26,9,36.4,47,0.0,5.0
2021,9,26,12,33.0,70,0.0,0.0
2021,9,26,15,30.2,85,0.0,0.0
2021,9,26,18,29.0,90,0.0,0.0
2021,9,26,21,28.4,90,0.0,0.0
2021,9,27,0,27.5,91,0.0,0.0
2021,9,27,3,32.0,81,0.0,0.0
2021,9,27,6,35.0,62,0.0,6.0
2021,9,27,9,36.0,51,0.0,5.0
2021,9,27,12,32.5,74,0.0,0.0
2021,9,27,15,28.2,80,0.0,0.0
2021,9,27,18,28.0,83,0.0,0.0
2021,9,27,21,27.0,88,0.0,5.0
2021,9,28,0,26.5,91,0.0,5.0
2021,9,28,3,30.0,73,0.0,6.0
2021,9,28,6,33.5,65,0.0,7.0
2021,9,28,9,29.0,80,0.0,0.0
2021,9,28,12,28.5,82,0.0,0.0
2021,9,28,15,28.5,88,0.0,0.0
2021,9,28,18,28.0,92,0.0,0.0
2021,9,28,21,27.8,92,0.0,0.0
2021,9,29,0,27.5,92,0.0,0.0
2021,9,29,3,29.5,76,0.0,6.0
2021,9,29,6,31.0,69,0.0,4.0
2021,9,29,9,32.5,67,0.0,0.0
2021,9,29,12,27.2,90,24.0,0.0
2021,9,29,15,27.0,92,0.0,0.0
2021,9,29,18,26.5,93,0.0,0.0
2021,9,29,21,26.4,93,0.0,0.0
2021,9,30,0,26.5,93,0.0,0.0
2021,9,30,3,29.5,76,0.0,2.0
2021,9,30,6,31.0,73,0.0,5.0
2021,9,30,9,33.0,64,0.2,0.0
2021,9,30,12,30.0,81,0.0,0.0
2021,9,30,15,28.0,92,0.0,0.0
2021,9,30,18,27.5,92,0.0,0.0
2021,9,30,21,27.5,92,0.0,0.0
2021,10,1,0,27.4,97,0.0,0.0
2021,10,1,3,31.0,80,0.0,0.0
2021,10,1,6,34.0,58,0.0,0.0
2021,10,1,9,31.0,73,0.0,4.0
2021,10,1,12,30.5,79,0.0,0.0
2021,10,1,15,28.0,92,0.0,0.0
2021,10,1,18,27.7,93,0.0,0.0
2021,10,1,21,27.4,93,0.0,0.0
2021,10,2,0,27.0,93,0.0,4.0
2021,10,2,3,30.4,76,0.0,5.0
2021,10,2,6,33.5,63,0.0,5.0
2021,10,2,9,33.5,62,0.0,5.0
2021,10,2,12,30.4,76,0.0,0.0
2021,10,2,15,29.0,88,0.0,0.0
2021,10,2,18,28.0,92,0.0,0.0
2021,10,2,21,27.8,93,0.0,0.0
2021,10,3,0,27.5,93,0.0,0.0
2021,10,3,3,29.0,86,0.0,6.0
2021,10,3,6,25.0,95,64.8,6.0
2021,10,3,9,26.5,87,0.2,6.0
2021,10,3,12,26.2,90,0.0,5.0
2021,10,3,15,25.5,93,5.8,5.0
2021,10,3,18,24.5,97,35.2,6.0
2021,10,3,21,25.2,96,60.0,5.0
2021,10,4,0,25.0,98,80.0,5.0
2021,10,4,3,24.5,97,2.4,6.0
2021,10,4,6,25.8,96,1.4,5.0
2021,10,4,9,26.1,95,2.0,5.0
2021,10,4,12,25.5,96,2.0,0.0
2021,10,4,15,24.5,96,2.0,8.0
2021,10,4,18,24.3,97,1.0,6.0
2021,10,4,21,24.6,94,0.0,4.0
2021,10,5,0,25.0,91,2.0,0.0
2021,10,5,3,25.5,96,6.4,5.0
2021,10,5,6,26.5,96,4.4,2.0
2021,10,5,9,29.5,81,0.0,0.0
2021,10,5,12,28.8,87,0.0,0.0
2021,10,5,15,27.0,92,0.0,0.0
2021,10,5,18,26.2,93,0.0,0.0
2021,10,5,21,26.0,93,0.0,0.0
2021,10,6,0,26.4,92,0.0,0.0
2021,10,6,3,27.8,87,0.0,0.0
2021,10,6,6,29.5,84,0.0,6.0
2021,10,6,9,30.2,79,0.0,0.0
2021,10,6,12,29.0,83,0.0,0.0
2021,10,6,15,27.0,92,0.0,0.0
2021,10,6,18,26.4,92,0.0,0.0
2021,10,6,21,26.5,93,0.0,0.0
2021,10,7,0,26.5,96,0.0,0.0
2021,10,7,3,28.2,85,0.0,0.0
2021,10,7,6,32.4,66,0.0,4.0
2021,10,7,9,33.5,65,0.0,5.0
2021,10,7,12,29.6,84,0.0,0.0
2021,10,7,15,26.0,91,0.0,0.0
2021,10,7,18,26.0,93,0.0,0.0
2021,10,7,21,26.2,95,0.0,0.0
2021,10,8,0,26.0,97,0.0,0.0
2021,10,8,3,30.0,84,0.0,0.0
2021,10,8,6,34.5,61,0.0,0.0
2021,10,8,9,30.0,80,1.0,0.0
2021,10,8,12,30.0,84,0.0,0.0
2021,10,8,15,27.6,90,0.0,0.0
2021,10,8,18,27.0,92,0.0,0.0
2021,10,8,21,26.8,93,0.0,0.0
2021,10,9,0,26.6,95,0.0,0.0
2021,10,9,3,30.4,81,0.0,0.0
2021,10,9,6,34.5,65,0.0,0.0
2021,10,9,9,35.0,62,0.0,0.0
2021,10,9,12,30.5,82,0.0,4.0
2021,10,9,15,28.8,90,0.0,0.0
2021,10,9,18,28.2,92,0.0,0.0
2021,10,9,21,26.0,93,0.0,0.0
2021,10,10,0,25.8,93,0.0,0.0
2021,10,10,3,29.8,78,0.0,0.0
2021,10,10,6,33.0,64,0.0,0.0
2021,10,10,9,35.0,55,0.0,0.0
2021,10,10,12,30.5,77,0.0,0.0
2021,10,10,15,27.5,88,0.0,0.0
2021,10,10,18,26.7,92,0.0,0.0
2021,10,10,21,26.0,91,0.0,0.0
2021,10,11,0,25.0,96,0.0,0.0
2021,10,11,3,29.5,79,0.0,0.0
2021,10,11,6,34.0,58,0.0,5.0
2021,10,11,9,36.0,54,0.0,5.0
2021,10,11,12,30.2,79,0.0,0.0
2021,10,11,15,27.8,88,0.0,0.0
2021,10,11,18,27.1,90,0.0,0.0
2021,10,11,21,25.4,91,0.0,0.0
2021,10,12,0,25.4,95,0.0,0.0
2021,10,12,3,29.5,80,0.0,4.0
2021,10,12,6,34.5,59,0.0,4.0
2021,10,12,9,35.0,59,0.0,0.0
2021,10,12,12,31.5,77,0.0,0.0
2021,10,12,15,29.0,80,0.0,0.0
2021,10,12,18,28.4,81,0.0,0.0
2021,10,12,21,27.0,92,0.0,0.0
2021,10,13,0,26.5,96,0.0,0.0
2021,10,13,3,31.0,78,0.0,0.0
2021,10,13,6,34.5,62,0.0,2.0
2021,10,13,9,35.6,62,0.0,0.0
2021,10,13,12,32.0,80,0.0,0.0
2021,10,13,15,30.0,88,0.0,0.0
2021,10,13,18,29.0,90,0.0,0.0
2021,10,13,21,28.2,92,0.0,0.0
2021,10,14,0,27.4,93,0.0,0.0
2021,10,14,3,32.0,70,0.0,0.0
2021,10,14,6,35.5,60,0.0,2.0
2021,10,14,9,36.0,60,0.0,5.0
2021,10,14,12,31.8,79,0.0,0.0
2021,10,14,15,30.0,88,0.0,0.0
2021,10,14,18,28.7,92,0.0,0.0
2021,10,14,21,28.6,92,0.0,0.0
2021,10,15,0,28.4,92,0.0,0.0
2021,10,15,3,33.5,65,0.0,5.0
2021,10,15,6,34.5,62,0.0,0.0
2021,10,15,9,35.0,59,0.0,5.0
2021,10,15,12,32.2,76,0.0,0.0
2021,10,15,15,30.0,86,0.0,0.0
2021,10,15,18,29.0,88,0.0,0.0
2021,10,15,21,28.5,92,0.0,0.0
2021,10,16,0,28.2,93,0.0,0.0
2021,10,16,3,31.2,79,0.0,0.0
2021,10,16,6,35.4,59,0.0,5.0
2021,10,16,9,36.0,60,0.0,5.0
2021,10,16,12,29.5,80,0.0,0.0
2021,10,16,15,28.8,86,0.0,0.0
2021,10,16,18,28.5,88,0.0,0.0
2021,10,16,21,27.0,92,0.8,0.0
2021,10,17,0,26.2,90,0.0,0.0
2021,10,17,3,29.0,82,0.0,5.0
2021,10,17,6,32.5,74,0.0,6.0
2021,10,17,9,34.5,62,0.0,5.0
2021,10,17,12,34.5,62,0.0,0.0
2021,10,17,15,26.8,89,0.0,0.0
2021,10,17,18,26.6,90,0.0,0.0
2021,10,17,21,26.8,90,0.0,0.0
2021,10,18,0,27.2,88,0.0,0.0
2021,10,18,3,29.0,83,0.0,0.0
2021,10,18,6,31.5,74,0.0,5.0
2021,10,18,9,32.6,68,0.0,5.0
2021,10,18,12,27.0,83,4.0,5.0
2021,10,18,15,26.8,87,0.0,5.0
2021,10,18,18,26.5,89,2.0,5.0
2021,10,18,21,25.5,93,8.2,5.0
2021,10,19,0,25.2,96,11.8,0.0
2021,10,19,3,26.0,96,4.4,0.0
2021,10,19,6,26.2,93,15.4,5.0
2021,10,19,9,27.5,89,1.0,0.0
2021,10,19,12,27.2,90,0.0,0.0
2021,10,19,15,26.0,91,0.0,5.0
2021,10,19,18,25.5,92,0.4,5.0
2021,10,19,21,25.5,91,0.0,5.0
2021,10,20,0,26.0,93,1.0,0.0
2021,10,20,3,27.0,92,0.8,5.0
2021,10,20,6,24.4,92,13.0,4.0
2021,10,20,9,24.0,95,9.0,0.0
2021,10,20,12,24.0,94,6.5,0.0
2021,10,20,15,24.5,96,0.0,0.0
2021,10,20,18,24.5,96,0.0,0.0
2021,10,20,21,24.2,95,0.6,0.0
2021,10,21,0,24.5,96,0.6,5.0
2021,10,21,3,26.0,91,0.0,5.0
2021,10,21,6,31.0,66,0.0,5.0
2021,10,21,9,31.5,57,0.0,5.0
2021,10,21,12,27.0,79,0.0,2.0
2021,10,21,15,25.4,91,0.0,5.0
2021,10,21,18,25.6,90,0.0,0.0
2021,10,21,21,22.6,92,0.0,0.0
2021,10,22,0,21.0,94,0.0,0.0
2021,10,22,3,28.0,67,0.0,4.0
2021,10,22,6,30.4,60,0.0,4.0
2021,10,22,9,31.6,66,0.0,5.0
2021,10,22,12,27.0,79,0.0,5.0
2021,10,22,15,24.6,88,0.0,0.0
2021,10,22,18,24.0,89,0.0,0.0
2021,10,22,21,23.6,93,0.0,0.0
2021,10,23,0,22.5,95,0.0,0.0
2021,10,23,3,27.0,78,0.0,0.0
2021,10,23,6,30.8,54,0.0,5.0
2021,10,23,9,31.0,59,0.0,4.0
2021,10,23,12,26.5,87,0.0,0.0
2021,10,23,15,25.0,91,0.0,0.0
2021,10,23,18,24.0,91,0.0,0.0
2021,10,23,21,23.0,93,0.0,0.0
2021,10,24,0,22.5,95,0.0,0.0
2021,10,24,3,26.0,78,0.0,0.0
2021,10,24,6,31.0,56,0.0,0.0
2021,10,24,9,31.5,64,0.0,4.0
2021,10,24,12,27.5,75,0.0,0.0
2021,10,24,15,25.2,89,0.0,0.0
2021,10,24,18,24.0,91,0.0,0.0
2021,10,24,21,23.2,93,0.0,0.0
2021,10,25,0,22.5,93,0.0,0.0
2021,10,25,3,27.5,78,0.0,0.0
2021,10,25,6,31.5,61,0.0,9.0
2021,10,25,9,31.0,69,0.0,0.0
2021,10,25,12,28.0,83,0.0,0.0
2021,10,25,15,25.3,91,0.0,0.0
2021,10,25,18,24.3,93,0.0,0.0
2021,10,25,21,23.6,93,0.0,0.0
2021,10,26,0,23.0,95,0.0,0.0
2021,10,26,3,27.5,79,0.0,0.0
2021,10,26,6,31.5,66,0.0,0.0
2021,10,26,9,31.0,56,0.0,0.0
2021,10,26,12,27.4,79,0.0,0.0
2021,10,26,15,25.0,91,0.0,0.0
2021,10,26,18,24.2,93,0.0,0.0
2021,10,26,21,23.0,93,0.0,0.0
2021,10,27,0,22.2,94,0.0,0.0
2021,10,27,3,26.4,79,0.0,0.0
2021,10,27,6,31.0,65,0.0,0.0
2021,10,27,9,31.8,68,0.0,0.0
2021,10,27,12,27.0,83,0.0,0.0
2021,10,27,15,24.8,89,0.0,0.0
2021,10,27,18,24.0,91,0.0,0.0
2021,10,27,21,23.0,92,0.0,0.0
2021,10,28,0,22.4,93,0.0,0.0
2021,10,28,3,26.8,73,0.0,0.0
2021,10,28,6,30.5,59,0.0,0.0
2021,10,28,9,31.8,61,0.0,4.0
2021,10,28,12,27.0,79,0.0,0.0
2021,10,28,15,24.5,91,0.0,0.0
2021,10,28,18,23.8,93,0.0,0.0
2021,10,28,21,22.0,92,0.0,0.0
2021,10,29,0,21.0,95,0.0,0.0
2021,10,29,3,26.0,74,0.0,0.0
2021,10,29,6,30.5,63,0.0,0.0
2021,10,29,9,32.0,54,0.0,5.0
2021,10,29,12,27.0,75,0.0,0.0
2021,10,29,15,24.0,87,0.0,0.0
2021,10,29,18,22.5,91,0.0,0.0
2021,10,29,21,21.5,91,0.0,0.0
2021,10,30,0,20.5,95,0.0,0.0
2021,10,30,3,25.4,74,0.0,0.0
2021,10,30,6,31.0,57,0.0,0.0
2021,10,30,9,32.0,48,0.0,5.0
2021,10,30,12,26.0,78,0.0,0.0
2021,10,30,15,23.8,91,0.0,0.0
2021,10,30,18,23.3,93,0.0,0.0
2021,10,30,21,19.4,93,0.0,0.0
2021,10,31,0,17.5,92,0.0,0.0
2021,10,31,3,25.0,65,0.0,0.0
2021,10,31,6,29.5,47,0.0,0.0
2021,10,31,9,31.0,43,0.0,0.0
2021,10,31,12,24.5,71,0.0,0.0
2021,10,31,15,21.5,86,0.0,0.0
2021,10,31,18,20.5,90,0.0,0.0
2021,10,31,21,19.6,92,0.0,0.0
2021,11,1,0,18.6,94,0.0,0.0
2021,11,1,3,25.6,66,0.0,0.0
2021,11,1,6,28.4,54,0.0,0.0
2021,11,1,9,30.0,42,0.0,0.0
2021,11,1,12,25.0,74,0.0,0.0
2021,11,1,15,22.0,86,0.0,0.0
2021,11,1,18,21.0,90,0.0,0.0
2021,11,1,21,20.0,94,0.0,0.0
2021,11,2,0,19.0,95,0.0,0.0
2021,11,2,3,25.0,69,0.0,0.0
2021,11,2,6,29.2,54,0.0,0.0
2021,11,2,9,30.0,52,0.0,0.0
2021,11,2,12,27.0,75,0.0,0.0
2021,11,2,15,22.5,90,0.0,0.0
2021,11,2,18,21.0,92,0.0,0.0
2021,11,2,21,20.0,92,0.0,0.0
2021,11,3,0,19.2,96,0.0,0.0
2021,11,3,3,25.0,70,0.0,0.0
2021,11,3,6,30.5,59,0.0,4.0
2021,11,3,9,31.0,47,0.0,5.0
2021,11,3,12,25.8,72,0.0,0.0
2021,11,3,15,22.0,86,0.0,5.0
2021,11,3,18,20.8,90,0.0,5.0
2021,11,3,21,20.0,90,0.0,0.0
2021,11,4,0,18.2,92,0.0,0.0
2021,11,4,3,25.0,65,0.0,0.0
2021,11,4,6,30.5,50,0.0,5.0
2021,11,4,9,31.5,42,0.0,5.0
2021,11,4,12,25.0,74,0.0,0.0
2021,11,4,15,21.0,86,0.0,0.0
2021,11,4,18,19.5,92,0.0,0.0
2021,11,4,21,19.0,93,0.0,0.0
2021,11,5,0,18.5,94,0.0,0.0
2021,11,5,3,23.5,80,0.0,0.0
2021,11,5,6,29.5,52,0.0,0.0
2021,11,5,9,30.4,46,0.0,0.0
2021,11,5,12,24.0,80,0.0,0.0
2021,11,5,15,20.5,86,0.0,0.0
2021,11,5,18,20.0,90,0.0,0.0
2021,11,5,21,19.0,92,0.0,0.0
2021,11,6,0,18.0,94,0.0,0.0
2021,11,6,3,23.5,71,0.0,0.0
2021,11,6,6,27.5,57,0.0,0.0
2021,11,6,9,29.6,46,0.0,0.0
2021,11,6,12,21.0,90,0.0,0.0
2021,11,6,15,20.0,90,0.0,0.0
2021,11,6,18,19.0,94,0.0,0.0
2021,11,6,21,19.0,94,0.0,0.0
2021,11,7,0,18.0,95,0.0,0.0
2021,11,7,3,24.0,73,0.0,0.0
2021,11,7,6,29.0,49,0.0,4.0
2021,11,7,9,30.0,49,0.0,0.0
2021,11,7,12,25.0,74,0.0,0.0
2021,11,7,15,21.5,88,0.0,0.0
2021,11,7,18,20.5,90,0.0,0.0
2021,11,7,21,19.8,92,0.0,0.0
2021,11,8,0,18.5,95,0.0,0.0
2021,11,8,3,25.0,61,0.0,5.0
2021,11,8,6,29.5,48,0.0,5.0
2021,11,8,9,29.8,45,0.0,5.0
2021,11,8,12,24.6,74,0.0,0.0
2021,11,8,15,22.0,91,0.0,0.0
2021,11,8,18,19.5,95,0.0,0.0
2021,11,8,21,19.0,90,0.0,0.0
2021,11,9,0,18.6,89,0.0,0.0
2021,11,9,3,24.0,57,0.0,0.0
2021,11,9,6,30.0,44,0.0,6.0
2021,11,9,9,31.0,47,0.0,7.0
2021,11,9,12,25.0,78,0.0,0.0
2021,11,9,15,20.5,90,0.0,0.0
2021,11,9,18,19.2,94,0.0,0.0
2021,11,9,21,19.0,92,0.0,0.0
2021,11,10,0,18.5,92,0.0,0.0
2021,11,10,3,23.5,64,0.0,0.0
2021,11,10,6,29.5,52,0.0,5.0
2021,11,10,9,31.0,47,0.0,5.0
2021,11,10,12,24.6,82,0.0,0.0
2021,11,10,15,22.0,86,0.0,0.0
2021,11,10,18,21.0,90,0.0,0.0
2021,11,10,21,20.0,89,0.0,0.0
2021,11,11,0,19.0,90,0.3,0.0
2021,11,11,3,24.0,67,0.0,8.0
2021,11,11,6,29.2,54,0.0,0.0
2021,11,11,9,31.0,47,0.0,5.0
2021,11,11,12,25.0,74,0.0,0.0
2021,11,11,15,22.0,86,0.0,0.0
2021,11,11,18,20.8,90,0.0,0.0
2021,11,11,21,19.6,92,0.0,0.0
2021,11,12,0,17.5,95,0.0,0.0
2021,11,12,3,23.5,71,0.0,0.0
2021,11,12,6,29.8,44,0.0,0.0
2021,11,12,9,30.5,40,0.0,6.0
2021,11,12,12,23.0,72,0.0,0.0
2021,11,12,15,20.2,88,0.0,0.0
2021,11,12,18,19.0,92,0.0,0.0
2021,11,12,21,17.6,94,0.0,0.0
2021,11,13,0,16.8,93,0.0,0.0
2021,11,13,3,22.5,77,0.0,0.0
2021,11,13,6,29.8,50,0.0,0.0
2021,11,13,9,30.6,39,0.0,5.0
2021,11,13,12,24.5,63,0.0,4.0
2021,11,13,15,21.0,80,0.0,0.0
2021,11,13,18,20.0,85,0.0,0.0
2021,11,13,21,19.0,90,0.0,0.0
2021,11,14,0,18.2,98,0.0,0.0
2021,11,14,3,20.0,94,0.0,0.0
2021,11,14,6,26.0,62,0.0,0.0
2021,11,14,9,28.0,53,0.0,0.0
2021,11,14,12,23.8,75,0.0,0.0
2021,11,14,15,20.0,90,0.0,0.0
2021,11,14,18,19.4,93,0.0,0.0
2021,11,14,21,17.2,93,0.0,0.0
2021,11,15,0,16.8,96,0.0,0.0
2021,11,15,3,22.0,77,0.0,0.0
2021,11,15,6,29.0,41,0.0,0.0
2021,11,15,9,30.0,42,0.0,6.0
2021,11,15,12,23.8,78,0.0,0.0
2021,11,15,15,19.5,85,0.0,0.0
2021,11,15,18,18.5,93,0.0,0.0
2021,11,15,21,16.2,93,0.0,0.0
2021,11,16,0,15.5,94,0.0,0.0
2021,11,16,3,21.0,86,0.0,0.0
2021,11,16,6,28.0,67,0.0,6.0
2021,11,16,9,29.5,40,0.0,0.0
2021,11,16,12,23.0,72,0.0,0.0
2021,11,16,15,20.0,85,0.0,0.0
2021,11,16,18,18.8,90,0.0,0.0
2021,11,16,21,17.6,92,0.0,0.0
2021,11,17,0,16.5,95,0.0,0.0
2021,11,17,3,22.0,76,0.0,0.0
2021,11,17,6,29.2,44,0.0,4.0
2021,11,17,9,29.5,43,0.0,0.0
2021,11,17,12,24.0,73,0.0,0.0
2021,11,17,15,20.4,88,0.0,0.0
2021,11,17,18,19.5,90,0.0,0.0
2021,11,17,21,17.8,92,0.0,0.0
2021,11,18,0,17.0,96,0.0,0.0
2021,11,18,3,24.0,60,0.0,0.0
2021,11,18,6,28.8,49,0.0,0.0
2021,11,18,9,29.0,48,0.0,0.0
2021,11,18,12,23.8,73,0.0,0.0
2021,11,18,15,20.2,92,0.0,0.0
2021,11,18,18,19.0,95,0.0,0.0
2021,11,18,21,18.2,95,0.0,0.0
2021,11,19,0,16.5,95,0.0,0.0
2021,11,19,3,22.8,74,0.0,0.0
2021,11,19,6,28.6,44,0.0,0.0
2021,11,19,9,29.2,43,0.0,5.0
2021,11,19,12,24.4,70,0.0,0.0
2021,11,19,15,20.2,88,0.0,0.0
2021,11,19,18,19.0,94,0.0,0.0
2021,11,19,21,18.0,95,0.0,0.0
2021,11,20,0,17.0,96,0.0,0.0
2021,11,20,3,22.0,80,0.0,0.0
2021,11,20,6,27.8,58,0.0,0.0
2021,11,20,9,29.8,46,0.0,6.0
2021,11,20,12,23.0,81,0.0,0.0
2021,11,20,15,21.0,87,0.0,0.0
2021,11,20,18,19.5,90,0.0,0.0
2021,11,20,21,18.8,92,0.0,0.0
2021,11,21,0,18.2,96,0.0,0.0
2021,11,21,3,19.8,90,0.0,0.0
2021,11,21,6,28.0,53,0.0,0.0
2021,11,21,9,31.0,43,0.0,6.0
2021,11,21,12,23.5,77,0.0,0.0
2021,11,21,15,20.0,90,0.0,0.0
2021,11,21,18,18.8,93,0.0,0.0
2021,11,21,21,18.0,95,0.0,0.0
2021,11,22,0,17.2,96,0.0,0.0
2021,11,22,3,21.0,86,0.0,0.0
2021,11,22,6,27.4,57,0.0,5.0
2021,11,22,9,28.5,52,0.0,5.0
2021,11,22,12,23.4,76,0.0,0.0
2021,11,22,15,20.2,93,0.0,0.0
2021,11,22,18,19.5,95,0.0,0.0
2021,11,22,21,18.6,96,0.0,0.0
2021,11,23,0,18.0,95,0.0,0.0
2021,11,23,3,20.5,93,0.0,0.0
2021,11,23,6,24.4,70,0.0,0.0
2021,11,23,9,28.5,54,0.0,0.0
2021,11,23,12,22.2,84,0.0,0.0
2021,11,23,15,19.3,92,0.0,0.0
2021,11,23,18,18.2,95,0.0,0.0
2021,11,23,21,18.0,94,0.0,0.0
2021,11,24,0,18.5,95,0.0,6.0
2021,11,24,3,19.0,95,0.0,6.0
2021,11,24,6,21.0,86,0.0,6.0
2021,11,24,9,24.0,73,0.0,0.0
2021,11,24,12,20.5,87,0.0,0.0
2021,11,24,15,18.0,94,0.0,0.0
2021,11,24,18,17.0,95,0.0,0.0
2021,11,24,21,16.6,97,0.0,0.0
2021,11,25,0,16.4,98,0.0,0.0
2021,11,25,3,18.0,96,0.0,0.0
2021,11,25,6,25.2,68,0.0,0.0
2021,11,25,9,26.8,57,0.0,0.0
2021,11,25,12,21.5,86,0.0,0.0
2021,11,25,15,19.0,90,0.0,0.0
2021,11,25,18,17.8,92,0.0,0.0
2021,11,25,21,17.0,95,0.0,0.0
2021,11,26,0,16.6,98,0.0,0.0
2021,11,26,3,18.6,94,0.0,5.0
2021,11,26,6,23.0,77,0.0,5.0
2021,11,26,9,27.2,47,0.0,0.0
2021,11,26,12,21.0,86,0.0,0.0
2021,11,26,15,18.5,90,0.0,0.0
2021,11,26,18,17.6,92,0.0,0.0
2021,11,26,21,16.5,95,0.0,0.0
2021,11,27,0,15.5,97,0.0,0.0
2021,11,27,3,20.0,79,0.0,0.0
2021,11,27,6,26.4,56,0.0,7.0
2021,11,27,9,27.5,50,0.0,0.0
2021,11,27,12,22.0,76,0.0,0.0
2021,11,27,15,19.0,88,0.0,0.0
2021,11,27,18,18.2,89,0.0,0.0
2021,11,27,21,17.0,93,0.0,0.0
2021,11,28,0,16.0,96,0.0,0.0
2021,11,28,3,21.8,68,0.0,5.0
2021,11,28,6,27.0,54,0.0,5.0
2021,11,28,9,28.0,46,0.0,0.0
2021,11,28,12,24.0,73,0.0,0.0
2021,11,28,15,18.0,92,0.0,0.0
2021,11,28,18,16.8,93,0.0,0.0
2021,11,28,21,15.2,93,0.0,0.0
2021,11,29,0,14.5,94,0.0,0.0
2021,11,29,3,21.0,75,0.0,0.0
2021,11,29,6,27.5,50,0.0,6.0
2021,11,29,9,28.0,44,0.0,6.0
2021,11,29,12,21.8,73,0.0,0.0
2021,11,29,15,18.5,90,0.0,0.0
2021,11,29,18,17.2,91,0.0,0.0
2021,11,29,21,16.0,94,0.0,0.0
2021,11,30,0,15.5,97,0.0,0.0
2021,11,30,3,21.0,71,0.0,6.0
2021,11,30,6,27.5,46,0.0,6.0
2021,11,30,9,28.0,40,0.0,5.0
2021,11,30,12,21.5,74,0.0,5.0
2021,11,30,15,18.5,90,0.0,0.0
2021,11,30,18,17.0,92,0.0,0.0
2021,11,30,21,16.5,92,0.0,0.0
2021,12,1,0,16.1,93,0.0,6.0
2021,12,1,3,21.5,62,0.0,6.0
2021,12,1,6,28.5,48,0.0,7.0
2021,12,1,9,29.6,36,0.0,5.0
2021,12,1,12,23.0,68,0.0,5.0
2021,12,1,15,18.6,89,0.0,5.0
2021,12,1,18,17.3,91,0.0,0.0
2021,12,1,21,16.4,93,0.0,0.0
2021,12,2,0,15.8,93,0.0,5.0
2021,12,2,3,21.0,71,0.0,5.0
2021,12,2,6,27.5,50,0.0,5.0
2021,12,2,9,29.8,40,0.0,5.0
2021,12,2,12,23.2,75,0.0,5.0
2021,12,2,15,20.0,90,0.0,5.0
2021,12,2,18,18.5,93,0.0,0.0
2021,12,2,21,17.4,93,0.0,0.0
2021,12,3,0,16.5,95,0.0,0.0
2021,12,3,3,21.0,75,0.0,2.0
2021,12,3,6,27.8,48,0.0,6.0
2021,12,3,9,29.4,43,0.0,6.0
2021,12,3,12,23.0,77,0.0,0.0
2021,12,3,15,20.0,90,0.0,0.0
2021,12,3,18,18.4,92,0.0,0.0
2021,12,3,21,18.4,96,0.0,0.0
2021,12,4,0,18.2,89,0.0,0.0
2021,12,4,3,21.0,80,0.0,4.0
2021,12,4,6,26.0,58,0.0,4.0
2021,12,4,9,27.0,58,0.0,5.0
2021,12,4,12,23.5,77,0.0,0.0
2021,12,4,15,20.0,90,0.0,0.0
2021,12,4,18,18.8,94,0.0,0.0
2021,12,4,21,18.4,95,0.0,0.0
2021,12,5,0,18.0,95,0.0,0.0
2021,12,5,3,22.2,74,0.0,5.0
2021,12,5,6,27.4,55,0.0,8.0
2021,12,5,9,29.6,48,0.0,6.0
2021,12,5,12,23.6,75,0.0,5.0
2021,12,5,15,21.0,88,0.0,5.0
2021,12,5,18,19.3,92,0.0,5.0
2021,12,5,21,19.2,93,0.0,0.0
2021,12,6,0,19.5,93,0.0,0.0
2021,12,6,3,22.0,86,0.0,0.0
2021,12,6,6,27.2,62,0.0,4.0
2021,12,6,9,29.2,54,0.0,5.0
2021,12,6,12,24.0,81,0.0,0.0
2021,12,6,15,21.2,88,0.0,0.0
2021,12,6,18,20.3,90,0.0,0.0
2021,12,6,21,19.4,94,0.0,0.0
2021,12,7,0,18.2,96,0.0,0.0
2021,12,7,3,21.4,88,0.0,0.0
2021,12,7,6,27.5,64,0.0,5.0
2021,12,7,9,29.8,53,0.0,5.0
2021,12,7,12,24.0,69,0.0,0.0
2021,12,7,15,21.2,90,0.0,0.0
2021,12,7,18,20.0,92,0.0,0.0
2021,12,7,21,19.0,92,0.0,0.0
2021,12,8,0,18.0,95,0.0,0.0
2021,12,8,3,20.5,90,0.0,0.0
2021,12,8,6,28.0,58,0.0,5.0
2021,12,8,9,28.0,53,0.0,5.0
2021,12,8,12,24.0,77,0.0,0.0
2021,12,8,15,20.3,90,0.0,0.0
2021,12,8,18,18.8,92,0.0,0.0
2021,12,8,21,18.0,94,0.0,0.0
2021,12,9,0,17.3,97,0.0,0.0
2021,12,9,3,21.0,88,0.0,0.0
2021,12,9,6,27.5,60,0.0,6.0
2021,12,9,9,28.2,52,0.0,5.0
2021,12,9,12,23.8,75,0.0,0.0
2021,12,9,15,20.0,90,0.0,0.0
2021,12,9,18,18.5,95,0.0,0.0
2021,12,9,21,16.0,89,0.0,0.0
2021,12,10,0,14.0,94,0.0,0.0
2021,12,10,3,19.6,76,0.0,6.0
2021,12,10,6,26.0,47,0.0,6.0
2021,12,10,9,28.8,39,0.0,8.0
2021,12,10,12,21.5,67,0.0,5.0
2021,12,10,15,18.0,89,0.0,5.0
2021,12,10,18,17.2,91,0.0,5.0
2021,12,10,21,15.0,92,0.0,0.0
2021,12,11,0,13.0,95,0.0,0.0
2021,12,11,3,20.0,72,0.0,8.0
2021,12,11,6,26.0,44,0.0,10.0
2021,12,11,9,27.6,43,0.0,10.0
2021,12,11,12,19.5,75,0.0,0.0
2021,12,11,15,17.0,89,0.0,5.0
2021,12,11,18,15.5,92,0.0,5.0
2021,12,11,21,14.2,91,0.0,5.0
2021,12,12,0,13.8,94,0.0,5.0
2021,12,12,3,17.0,78,0.0,0.0
2021,12,12,6,24.0,57,0.0,0.0
2021,12,12,9,25.0,58,0.0,0.0
2021,12,12,12,19.5,85,0.0,0.0
2021,12,12,15,17.0,95,0.0,0.0
2021,12,12,18,15.5,94,0.0,0.0
2021,12,12,21,15.0,95,0.0,0.0
2021,12,13,0,14.0,95,0.0,0.0
2021,12,13,3,17.5,90,0.0,0.0
2021,12,13,6,25.0,55,0.0,6.0
2021,12,13,9,26.2,49,0.0,0.0
2021,12,13,12,21.0,78,0.0,0.0
2021,12,13,15,18.2,89,0.0,0.0
2021,12,13,18,16.5,95,0.0,0.0
2021,12,13,21,15.0,89,0.0,0.0
2021,12,14,0,13.5,89,0.0,0.0
2021,12,14,3,17.0,78,0.0,0.0
2021,12,14,6,26.0,47,0.0,6.0
2021,12,14,9,27.0,44,0.0,5.0
2021,12,14,12,20.8,78,0.0,0.0
2021,12,14,15,17.5,89,0.0,5.0
2021,12,14,18,16.0,89,0.0,5.0
2021,12,14,21,15.0,93,0.0,0.0
2021,12,15,0,13.5,94,0.0,0.0
2021,12,15,3,17.0,84,0.0,5.0
2021,12,15,6,25.4,55,0.0,5.0
2021,12,15,9,26.8,47,0.0,5.0
2021,12,15,12,21.1,79,0.0,0.0
2021,12,15,15,17.2,91,0.0,0.0
2021,12,15,18,16.3,93,0.0,0.0
2021,12,15,21,14.8,91,0.0,0.0
2021,12,16,0,14.0,91,0.0,0.0
2021,12,16,3,15.2,95,0.0,5.0
2021,12,16,6,25.4,51,0.0,5.0
2021,12,16,9,27.5,42,0.0,8.0
2021,12,16,12,20.0,78,0.0,0.0
2021,12,16,15,16.2,91,0.0,5.0
2021,12,16,18,15.5,91,0.0,5.0
2021,12,16,21,13.8,91,0.0,0.0
2021,12,17,0,12.2,91,0.0,4.0
2021,12,17,3,18.0,71,0.0,4.0
2021,12,17,6,25.2,50,0.0,5.0
2021,12,17,9,26.4,44,0.0,5.0
2021,12,17,12,21.0,73,0.0,0.0
2021,12,17,15,17.0,89,0.0,0.0
2021,12,17,18,15.5,92,0.0,0.0
2021,12,17,21,14.2,92,0.0,0.0
2021,12,18,0,12.8,93,0.0,4.0
2021,12,18,3,17.5,84,0.0,5.0
2021,12,18,6,27.4,40,0.0,0.0
2021,12,18,9,27.2,44,0.0,5.0
2021,12,18,12,21.0,71,0.0,0.0
2021,12,18,15,17.0,87,0.0,0.0
2021,12,18,18,15.4,91,0.0,0.0
2021,12,18,21,14.8,82,0.0,0.0
2021,12,19,0,13.4,77,0.0,6.0
2021,12,19,3,15.2,69,0.0,7.0
2021,12,19,6,21.5,46,0.0,8.0
2021,12,19,9,25.0,41,0.0,10.0
2021,12,19,12,20.0,70,0.0,5.0
2021,12,19,15,15.2,89,0.0,10.0
2021,12,19,18,14.5,91,0.0,5.0
2021,12,19,21,12.5,88,0.0,5.0
2021,12,20,0,11.8,90,0.0,5.0
2021,12,20,3,14.5,71,0.0,6.0
2021,12,20,6,22.0,54,0.0,6.0
2021,12,20,9,26.0,44,0.0,0.0
2021,12,20,12,20.0,72,0.0,0.0
2021,12,20,15,18.0,86,0.0,5.0
2021,12,20,18,15.2,89,0.0,5.0
2021,12,20,21,13.4,93,0.0,5.0
2021,12,21,0,12.0,94,0.0,5.0
2021,12,21,3,15.5,89,0.0,4.0
2021,12,21,6,25.0,44,0.0,7.0
2021,12,21,9,26.5,42,0.0,5.0
2021,12,21,12,20.5,71,0.0,5.0
2021,12,21,15,16.2,88,0.0,6.0
2021,12,21,18,14.3,91,0.0,5.0
2021,12,21,21,12.8,90,0.0,4.0
2021,12,22,0,12.5,94,0.0,5.0
2021,12,22,3,15.0,89,0.0,4.0
2021,12,22,6,21.5,62,0.0,6.0
2021,12,22,9,26.0,44,0.0,5.0
2021,12,22,12,20.5,73,0.0,0.0
2021,12,22,15,16.5,89,0.0,0.0
2021,12,22,18,14.5,91,0.0,0.0
2021,12,22,21,13.2,93,0.0,0.0
2021,12,23,0,12.0,95,0.0,0.0
2021,12,23,3,16.0,89,0.0,0.0
2021,12,23,6,24.0,53,0.0,0.0
2021,12,23,9,26.8,40,0.0,5.0
2021,12,23,12,20.0,70,0.0,0.0
2021,12,23,15,18.2,87,0.0,0.0
2021,12,23,18,16.6,89,0.0,0.0
2021,12,23,21,13.4,91,0.0,0.0
2021,12,24,0,12.0,95,0.0,0.0
2021,12,24,3,16.2,87,0.0,0.0
2021,12,24,6,25.4,47,0.0,6.0
2021,12,24,9,25.5,46,0.0,0.0
2021,12,24,12,19.8,76,0.0,0.0
2021,12,24,15,16.0,89,0.0,0.0
2021,12,24,18,14.0,91,0.0,0.0
2021,12,24,21,13.0,93,0.0,0.0
2021,12,25,0,12.5,94,0.0,0.0
2021,12,25,3,16.2,85,0.0,5.0
2021,12,25,6,25.0,50,0.0,6.0
2021,12,25,9,24.5,46,0.0,0.0
2021,12,25,12,20.0,79,0.0,6.0
2021,12,25,15,16.2,87,0.0,5.0
2021,12,25,18,15.0,89,0.0,5.0
2021,12,25,21,13.8,89,0.0,0.0
2021,12,26,0,12.5,88,0.0,5.0
2021,12,26,3,18.2,61,0.0,5.0
2021,12,26,6,24.0,47,0.0,8.0
2021,12,26,9,26.0,41,0.0,6.0
2021,12,26,12,20.5,71,0.0,5.0
2021,12,26,15,16.5,84,0.0,5.0
2021,12,26,18,15.2,91,0.0,5.0
2021,12,26,21,14.4,89,0.0,4.0
2021,12,27,0,13.0,88,0.0,5.0
2021,12,27,3,17.0,72,0.0,6.0
2021,12,27,6,24.0,45,0.0,7.0
2021,12,27,9,25.0,46,0.0,6.0
2021,12,27,12,19.0,77,0.0,0.0
2021,12,27,15,15.8,87,0.0,0.0
2021,12,27,18,14.8,91,0.0,0.0
2021,12,27,21,13.8,92,0.0,0.0
2021,12,28,0,12.5,94,0.0,4.0
2021,12,28,3,16.5,78,0.0,6.0
2021,12,28,6,24.0,42,0.0,7.0
2021,12,28,9,25.8,45,0.0,5.0
2021,12,28,12,20.5,67,0.0,5.0
2021,12,28,15,16.0,89,0.0,0.0
2021,12,28,18,15.0,92,0.0,0.0
2021,12,28,21,16.0,93,0.0,0.0
2021,12,29,0,16.4,96,2.0,6.0
2021,12,29,3,17.5,73,0.0,6.0
2021,12,29,6,19.5,64,0.0,6.0
2021,12,29,9,20.6,61,0.0,6.0
2021,12,29,12,20.6,61,0.0,5.0
2021,12,29,15,16.0,89,0.0,6.0
2021,12,29,18,15.8,89,0.0,6.0
2021,12,29,21,15.4,92,2.0,5.0
2021,12,30,0,15.2,91,2.0,5.0
2021,12,30,3,16.5,89,0.4,0.0
2021,12,30,6,18.5,79,0.0,5.0
2021,12,30,9,23.0,54,0.0,6.0
2021,12,30,12,19.0,74,0.0,0.0
2021,12,30,15,15.0,89,0.0,5.0
2021,12,30,18,13.5,94,0.0,0.0
2021,12,30,21,13.0,94,0.0,0.0
2021,12,31,0,12.2,95,0.0,0.0
2021,12,31,3,16.0,89,0.0,6.0
2021,12,31,6,24.0,53,0.0,6.0
2021,12,31,9,26.0,47,0.0,5.0
2021,12,31,12,20.0,74,0.0,6.0
2021,12,31,15,17.0,84,0.0,8.0
2021,12,31,18,15.5,89,0.0,5.0
2021,12,31,21,13.0,95,0.0,0.0
2022,1,1,0,13.8,97,0.0,5.0
2022,1,1,3,14.8,91,0.0,6.0
2022,1,1,6,20.0,74,0.0,5.0
2022,1,1,9,23.8,57,0.0,6.0
2022,1,1,12,20.0,75,0.0,8.0
2022,1,1,15,16.0,89,0.0,6.0
2022,1,1,18,15.0,93,0.0,5.0
2022,1,1,21,14.4,88,0.0,5.0
2022,1,2,0,14.0,91,0.0,4.0
2022,1,2,3,14.2,92,0.0,8.0
2022,1,2,6,17.0,78,0.0,5.0
2022,1,2,9,22.0,62,0.0,6.0
2022,1,2,12,18.2,78,0.0,5.0
2022,1,2,15,15.2,89,0.0,8.0
2022,1,2,18,14.6,91,0.0,8.0
2022,1,2,21,14.2,91,0.0,5.0
2022,1,3,0,13.0,93,0.0,5.0
2022,1,3,3,13.2,94,0.0,10.0
2022,1,3,6,14.8,88,0.0,5.0
2022,1,3,9,21.0,64,0.0,8.0
2022,1,3,12,17.0,78,0.0,8.0
2022,1,3,15,14.0,88,0.0,10.0
2022,1,3,18,12.8,90,0.0,5.0
2022,1,3,21,11.8,94,0.0,5.0
2022,1,4,0,11.5,95,0.0,5.0
2022,1,4,3,12.0,94,0.0,5.0
2022,1,4,6,14.0,88,0.0,6.0
2022,1,4,9,18.0,73,0.0,10.0
2022,1,4,12,16.0,83,0.0,5.0
2022,1,4,15,13.5,94,0.0,7.0
2022,1,4,18,12.5,94,0.0,7.0
2022,1,4,21,12.0,95,0.0,5.0
2022,1,5,0,11.3,96,0.0,5.0
2022,1,5,3,13.0,94,0.0,5.0
2022,1,5,6,18.0,81,0.0,6.0
2022,1,5,9,24.5,54,0.0,6.0
2022,1,5,12,20.0,75,0.0,5.0
2022,1,5,15,15.0,89,0.0,5.0
2022,1,5,18,13.0,93,0.0,8.0
2022,1,5,21,13.2,95,0.0,5.0
2022,1,6,0,13.0,97,0.0,5.0
2022,1,6,3,14.0,94,0.0,0.0
2022,1,6,6,20.5,71,0.0,5.0
2022,1,6,9,24.5,58,0.0,6.0
2022,1,6,12,20.2,78,0.0,6.0
2022,1,6,15,17.0,89,0.0,8.0
2022,1,6,18,15.5,92,0.0,8.0
2022,1,6,21,14.8,91,0.0,0.0
2022,1,7,0,13.8,97,0.0,0.0
2022,1,7,3,14.5,97,0.0,0.0
2022,1,7,6,23.0,63,0.0,5.0
2022,1,7,9,26.6,45,0.0,6.0
2022,1,7,12,21.0,71,0.0,5.0
2022,1,7,15,17.5,89,0.0,0.0
2022,1,7,18,16.0,91,0.0,0.0
2022,1,7,21,14.6,91,0.0,4.0
2022,1,8,0,13.5,94,0.0,4.0
2022,1,8,3,15.0,94,0.0,0.0
2022,1,8,6,22.5,68,0.0,0.0
2022,1,8,9,26.6,48,0.0,6.0
2022,1,8,12,22.0,76,0.0,5.0
2022,1,8,15,18.4,81,0.0,5.0
2022,1,8,18,16.0,87,0.0,5.0
2022,1,8,21,14.8,94,0.0,0.0
2022,1,9,0,14.4,95,0.0,0.0
2022,1,9,3,15.8,96,0.0,0.0
2022,1,9,6,23.0,63,0.0,0.0
2022,1,9,9,26.0,51,0.0,10.0
2022,1,9,12,20.2,78,0.0,5.0
2022,1,9,15,16.4,89,0.0,5.0
2022,1,9,18,15.3,93,0.0,5.0
2022,1,9,21,15.0,94,0.0,0.0
2022,1,10,0,15.0,95,0.0,0.0
2022,1,10,3,15.8,97,0.0,0.0
2022,1,10,6,22.5,68,0.0,0.0
2022,1,10,9,25.0,58,0.0,6.0
2022,1,10,12,21.0,80,0.0,4.0
2022,1,10,15,16.2,91,0.0,0.0
2022,1,10,18,15.0,94,0.0,0.0
2022,1,10,21,14.5,95,0.0,0.0
2022,1,11,0,14.0,97,0.0,0.0
2022,1,11,3,16.5,95,0.0,0.0
2022,1,11,6,23.0,71,0.0,0.0
2022,1,11,9,26.2,51,0.0,0.0
2022,1,11,12,21.4,72,0.0,0.0
2022,1,11,15,18.5,90,0.0,0.0
2022,1,11,18,17.0,92,0.0,0.0
2022,1,11,21,17.4,89,0.4,0.0
2022,1,12,0,17.8,92,0.0,0.0
2022,1,12,3,19.5,93,2.0,0.0
2022,1,12,6,23.5,73,0.0,6.0
2022,1,12,9,21.8,80,0.2,8.0
2022,1,12,12,20.8,73,0.0,8.0
2022,1,12,15,18.0,84,0.0,5.0
2022,1,12,18,17.0,89,3.0,5.0
2022,1,12,21,15.0,94,7.0,5.0
2022,1,13,0,14.4,93,0.0,5.0
2022,1,13,3,16.3,96,0.0,0.0
2022,1,13,6,22.0,72,0.0,8.0
2022,1,13,9,22.8,71,0.0,8.0
2022,1,13,12,19.0,84,0.0,5.0
2022,1,13,15,16.0,89,0.0,5.0
2022,1,13,18,14.5,92,0.0,5.0
2022,1,13,21,12.8,93,0.0,4.0
2022,1,14,0,14.4,95,0.0,6.0
2022,1,14,3,15.2,95,0.0,0.0
2022,1,14,6,20.5,75,0.0,0.0
2022,1,14,9,22.0,62,0.0,0.0
2022,1,14,12,19.0,84,0.0,0.0
2022,1,14,15,16.4,93,0.0,0.0
2022,1,14,18,15.0,94,0.0,0.0
2022,1,14,21,14.5,95,0.0,0.0
2022,1,15,0,14.0,95,0.0,0.0
2022,1,15,3,16.0,89,0.0,5.0
2022,1,15,6,22.8,61,0.0,4.0
2022,1,15,9,25.0,50,0.0,0.0
2022,1,15,12,20.0,75,0.0,5.0
2022,1,15,15,16.5,86,0.0,6.0
2022,1,15,18,15.0,89,0.0,8.0
2022,1,15,21,13.4,90,0.0,5.0
2022,1,16,0,11.8,90,0.0,6.0
2022,1,16,3,15.0,76,0.0,8.0
2022,1,16,6,21.0,53,0.0,10.0
2022,1,16,9,24.5,50,0.0,10.0
2022,1,16,12,19.8,72,0.0,5.0
2022,1,16,15,16.0,89,0.0,6.0
2022,1,16,18,14.8,92,0.0,5.0
2022,1,16,21,13.2,90,0.0,4.0
2022,1,17,0,12.0,90,0.0,4.0
2022,1,17,3,14.2,81,0.0,8.0
2022,1,17,6,21.0,61,0.0,0.0
2022,1,17,9,25.0,46,0.0,5.0
2022,1,17,12,20.5,71,0.0,5.0
2022,1,17,15,16.8,86,0.0,8.0
2022,1,17,18,15.5,89,0.0,8.0
2022,1,17,21,13.5,92,0.0,6.0
2022,1,18,0,12.5,94,0.0,8.0
2022,1,18,3,13.0,94,0.0,6.0
2022,1,18,6,20.5,67,0.0,8.0
2022,1,18,9,24.2,55,0.0,5.0
2022,1,18,12,19.0,79,0.0,8.0
2022,1,18,15,16.0,85,0.0,6.0
2022,1,18,18,15.0,89,0.0,6.0
2022,1,18,21,12.6,93,0.0,4.0
2022,1,19,0,12.0,94,0.0,5.0
2022,1,19,3,13.0,94,0.0,5.0
2022,1,19,6,18.0,69,0.0,8.0
2022,1,19,9,22.0,58,0.0,5.0
2022,1,19,12,18.8,74,0.0,8.0
2022,1,19,15,14.5,91,0.0,12.0
2022,1,19,18,13.0,93,0.0,7.0
2022,1,19,21,12.5,95,0.0,8.0
2022,1,20,0,11.6,96,0.0,10.0
2022,1,20,3,12.0,97,0.0,5.0
2022,1,20,6,14.8,84,0.0,6.0
2022,1,20,9,19.5,69,0.0,0.0
2022,1,20,12,17.2,81,0.0,5.0
2022,1,20,15,14.5,89,0.0,5.0
2022,1,20,18,12.5,94,0.0,7.0
2022,1,20,21,14.6,94,0.0,5.0
2022,1,21,0,14.0,95,0.0,5.0
2022,1,21,3,17.5,84,0.0,6.0
2022,1,21,6,22.0,62,0.0,6.0
2022,1,21,9,24.2,49,0.0,5.0
2022,1,21,12,20.6,66,0.0,6.0
2022,1,21,15,16.0,89,0.0,0.0
2022,1,21,18,15.5,89,0.0,0.0
2022,1,21,21,14.0,92,0.0,0.0
2022,1,22,0,13.0,94,0.0,0.0
2022,1,22,3,14.0,97,0.0,5.0
2022,1,22,6,22.0,67,0.0,5.0
2022,1,22,9,22.5,63,0.0,6.0
2022,1,22,12,20.3,79,0.0,0.0
2022,1,22,15,16.2,87,0.0,5.0
2022,1,22,18,14.0,91,0.0,6.0
2022,1,22,21,14.2,93,0.0,0.0
2022,1,23,0,14.5,95,0.0,5.0
2022,1,23,3,15.7,92,0.0,5.0
2022,1,23,6,20.2,70,0.0,8.0
2022,1,23,9,21.0,67,0.0,6.0
2022,1,23,12,19.0,85,0.0,0.0
2022,1,23,15,16.6,91,0.0,0.0
2022,1,23,18,15.5,94,0.0,0.0
2022,1,23,21,15.0,94,0.0,5.0
2022,1,24,0,14.0,95,0.0,5.0
2022,1,24,3,17.0,84,0.0,6.0
2022,1,24,6,23.0,67,0.0,8.0
2022,1,24,9,26.0,47,0.0,8.0
2022,1,24,12,20.0,70,0.0,0.0
2022,1,24,15,16.5,89,0.0,5.0
2022,1,24,18,15.5,92,0.0,5.0
2022,1,24,21,15.2,90,0.0,4.0
2022,1,25,0,15.0,89,0.0,5.0
2022,1,25,3,17.0,78,0.0,6.0
2022,1,25,6,21.2,65,0.0,4.0
2022,1,25,9,21.0,71,0.0,0.0
2022,1,25,12,18.0,87,0.0,0.0
2022,1,25,15,16.0,91,0.0,0.0
2022,1,25,18,14.5,94,0.0,0.0
2022,1,25,21,14.5,94,0.0,5.0
2022,1,26,0,14.4,95,0.0,6.0
2022,1,26,3,14.8,98,0.0,0.0
2022,1,26,6,17.5,92,0.0,6.0
2022,1,26,9,23.0,63,0.0,5.0
2022,1,26,12,19.4,79,0.0,5.0
2022,1,26,15,16.5,90,0.0,5.0
2022,1,26,18,14.4,93,0.0,5.0
2022,1,26,21,13.0,93,0.0,0.0
2022,1,27,0,12.5,89,0.0,0.0
2022,1,27,3,15.0,76,0.0,6.0
2022,1,27,6,21.5,50,0.0,15.0
2022,1,27,9,23.0,32,0.0,10.0
2022,1,27,12,18.0,64,0.0,6.0
2022,1,27,15,15.0,76,0.0,13.0
2022,1,27,18,12.5,82,0.0,15.0
2022,1,27,21,9.4,89,0.0,6.0
2022,1,28,0,8.8,92,0.0,6.0
2022,1,28,3,13.0,75,0.0,6.0
2022,1,28,6,20.0,56,0.0,8.0
2022,1,28,9,20.5,48,0.0,5.0
2022,1,28,12,16.5,68,0.0,5.0
2022,1,28,15,13.0,82,0.0,5.0
2022,1,28,18,11.2,91,0.0,5.0
2022,1,28,21,10.0,93,0.0,4.0
2022,1,29,0,9.8,96,0.0,0.0
2022,1,29,3,12.0,94,0.0,0.0
2022,1,29,6,17.8,71,0.0,7.0
2022,1,29,9,23.0,47,0.0,5.0
2022,1,29,12,18.5,65,0.0,5.0
2022,1,29,15,14.0,88,0.0,6.0
2022,1,29,18,12.5,91,0.0,5.0
2022,1,29,21,10.2,92,0.0,0.0
2022,1,30,0,9.5,93,0.0,0.0
2022,1,30,3,11.4,95,0.0,0.0
2022,1,30,6,17.7,75,0.0,5.0
2022,1,30,9,22.0,44,0.0,4.0
2022,1,30,12,17.5,69,0.0,0.0
2022,1,30,15,13.5,88,0.0,0.0
2022,1,30,18,12.0,91,0.0,0.0
2022,1,30,21,10.5,93,0.0,0.0
2022,1,31,0,9.5,96,0.0,0.0
2022,1,31,3,13.0,94,0.0,0.0
2022,1,31,6,20.8,55,0.0,5.0
2022,1,31,9,22.0,52,0.0,6.0
2022,1,31,12,18.5,74,0.0,0.0
2022,1,31,15,15.2,86,0.0,0.0
2022,1,31,18,12.0,91,0.0,0.0
2022,1,31,21,11.0,93,0.0,0.0
2022,2,1,0,10.5,93,0.0,0.0
2022,2,1,3,14.5,94,0.0,0.0
2022,2,1,6,21.2,58,0.0,5.0
2022,2,1,9,23.7,50,0.0,6.0
2022,2,1,12,20.0,66,0.0,7.0
2022,2,1,15,15.5,83,0.0,5.0
2022,2,1,18,12.5,89,0.0,5.0
2022,2,1,21,12.0,91,0.0,0.0
2022,2,2,0,11.6,92,0.0,6.0
2022,2,2,3,14.0,94,0.0,5.0
2022,2,2,6,18.5,74,0.0,6.0
2022,2,2,9,20.5,67,0.0,5.0
2022,2,2,12,18.5,74,0.0,5.0
2022,2,2,15,14.3,91,0.0,5.0
2022,2,2,18,12.0,92,0.0,5.0
2022,2,2,21,12.6,93,0.0,5.0
2022,2,3,0,13.4,93,0.0,6.0
2022,2,3,3,16.2,81,0.0,6.0
2022,2,3,6,21.4,58,0.0,5.0
2022,2,3,9,25.0,46,0.0,6.0
2022,2,3,12,20.5,57,0.0,3.0
2022,2,3,15,17.5,78,0.0,8.0
2022,2,3,18,16.0,85,0.0,6.0
2022,2,3,21,15.8,87,0.0,0.0
2022,2,4,0,16.0,89,1.0,8.0
2022,2,4,3,15.5,94,11.2,6.0
2022,2,4,6,15.5,92,9.0,1.0
2022,2,4,9,16.5,84,1.0,8.0
2022,2,4,12,16.0,80,0.0,1.0
2022,2,4,15,14.0,88,9.0,10.0
2022,2,4,18,13.2,90,2.0,9.0
2022,2,4,21,13.5,94,3.0,9.0
2022,2,5,0,14.0,94,0.0,5.0
2022,2,5,3,15.0,89,0.0,5.0
2022,2,5,6,16.0,89,0.0,6.0
2022,2,5,9,18.0,69,0.0,8.0
2022,2,5,12,16.0,77,0.0,6.0
2022,2,5,15,13.0,90,0.0,0.0
2022,2,5,18,12.2,94,0.0,0.0
2022,2,5,21,11.5,94,0.0,0.0
2022,2,6,0,10.4,95,0.0,0.0
2022,2,6,3,11.0,93,0.0,0.0
2022,2,6,6,19.0,69,0.0,4.0
2022,2,6,9,19.5,68,0.0,8.0
2022,2,6,12,16.7,74,0.0,8.0
2022,2,6,15,13.7,89,0.0,0.0
2022,2,6,18,11.8,92,0.0,0.0
2022,2,6,21,11.6,95,0.0,0.0
2022,2,7,0,11.4,95,0.0,0.0
2022,2,7,3,14.0,94,0.0,0.0
2022,2,7,6,20.8,64,0.0,6.0
2022,2,7,9,21.5,53,0.0,8.0
2022,2,7,12,18.2,72,0.0,5.0
2022,2,7,15,14.7,89,0.0,0.0
2022,2,7,18,13.5,92,0.0,0.0
2022,2,7,21,12.0,94,0.0,0.0
2022,2,8,0,11.5,94,0.0,0.0
2022,2,8,3,16.0,83,0.0,0.0
2022,2,8,6,22.0,54,0.0,5.0
2022,2,8,9,23.2,46,0.0,10.0
2022,2,8,12,20.0,70,0.0,5.0
2022,2,8,15,15.0,89,0.0,0.0
2022,2,8,18,13.7,92,0.0,0.0
2022,2,8,21,12.2,92,0.0,0.0
2022,2,9,0,11.4,95,0.0,0.0
2022,2,9,3,13.0,88,0.0,0.0
2022,2,9,6,22.5,55,0.0,6.0
2022,2,9,9,24.8,41,0.0,5.0
2022,2,9,12,22.0,60,0.0,6.0
2022,2,9,15,17.8,83,0.0,0.0
2022,2,9,18,16.3,89,0.0,0.0
2022,2,9,21,17.2,89,0.0,0.0
2022,2,10,0,17.0,89,0.0,0.0
2022,2,10,3,18.0,87,0.0,0.0
2022,2,10,6,23.8,57,0.0,10.0
2022,2,10,9,23.0,68,0.0,10.0
2022,2,10,12,21.0,80,0.0,6.0
2022,2,10,15,19.0,86,0.0,5.0
2022,2,10,18,18.0,88,0.0,6.0
2022,2,10,21,16.6,91,0.0,6.0
2022,2,11,0,15.0,93,0.0,6.0
2022,2,11,3,18.6,84,0.0,10.0
2022,2,11,6,25.0,54,0.0,6.0
2022,2,11,9,25.2,53,0.0,9.0
2022,2,11,12,21.0,57,0.0,8.0
2022,2,11,15,17.0,76,0.0,5.0
2022,2,11,18,16.2,82,0.0,5.0
2022,2,11,21,13.8,88,0.0,0.0
2022,2,12,0,12.0,92,0.0,0.0
2022,2,12,3,16.6,72,0.0,6.0
2022,2,12,6,22.5,47,0.0,7.0
2022,2,12,9,25.5,34,0.0,6.0
2022,2,12,12,20.5,57,0.0,5.0
2022,2,12,15,15.5,89,0.0,0.0
2022,2,12,18,13.4,93,0.0,0.0
2022,2,12,21,12.8,90,0.0,0.0
2022,2,13,0,12.0,92,0.0,5.0
2022,2,13,3,16.2,75,0.0,5.0
2022,2,13,6,24.0,49,0.0,10.0
2022,2,13,9,26.0,41,0.0,5.0
2022,2,13,12,23.0,55,0.0,0.0
2022,2,13,15,17.0,84,0.0,0.0
2022,2,13,18,15.5,89,0.0,0.0
2022,2,13,21,14.4,92,0.0,0.0
2022,2,14,0,12.5,94,0.0,0.0
2022,2,14,3,17.0,84,0.0,5.0
2022,2,14,6,24.0,45,0.0,5.0
2022,2,14,9,26.2,43,0.0,5.0
2022,2,14,12,22.0,54,0.0,0.0
2022,2,14,15,16.5,84,0.0,0.0
2022,2,14,18,14.8,91,0.0,0.0
2022,2,14,21,14.0,93,0.0,0.0
2022,2,15,0,13.2,93,0.0,0.0
2022,2,15,3,19.0,69,0.0,0.0
2022,2,15,6,25.0,40,0.0,6.0
2022,2,15,9,28.0,34,0.0,5.0
2022,2,15,12,23.5,53,0.0,5.0
2022,2,15,15,18.0,78,0.0,5.0
2022,2,15,18,16.5,85,0.0,5.0
2022,2,15,21,14.8,91,0.0,4.0
2022,2,16,0,12.6,94,0.0,5.0
2022,2,16,3,18.0,73,0.0,5.0
2022,2,16,6,25.0,43,0.0,5.0
2022,2,16,9,27.0,32,0.0,10.0
2022,2,16,12,21.8,56,0.0,4.0
2022,2,16,15,17.2,84,0.0,5.0
2022,2,16,18,15.6,88,0.0,5.0
2022,2,16,21,14.5,89,0.0,0.0
2022,2,17,0,13.5,92,0.0,0.0
2022,2,17,3,18.0,78,0.0,6.0
2022,2,17,6,26.5,50,0.0,5.0
2022,2,17,9,27.5,40,0.0,6.0
2022,2,17,12,24.0,51,0.0,6.0
2022,2,17,15,18.0,81,0.0,5.0
2022,2,17,18,16.5,87,0.0,5.0
2022,2,17,21,14.5,89,0.0,0.0
2022,2,18,0,13.5,94,0.0,0.0
2022,2,18,3,19.0,69,0.0,5.0
2022,2,18,6,26.0,45,0.0,5.0
2022,2,18,9,28.0,34,0.0,8.0
2022,2,18,12,23.0,55,0.0,6.0
2022,2,18,15,18.0,84,0.0,6.0
2022,2,18,18,16.0,89,0.0,5.0
2022,2,18,21,14.0,91,0.0,6.0
2022,2,19,0,12.8,90,0.0,6.0
2022,2,19,3,18.6,66,0.0,6.0
2022,2,19,6,25.5,47,0.0,8.0
2022,2,19,9,28.2,35,0.0,12.0
2022,2,19,12,23.0,46,0.0,5.0
2022,2,19,15,17.0,78,0.0,5.0
2022,2,19,18,15.5,85,0.0,5.0
2022,2,19,21,14.6,87,0.0,0.0
2022,2,20,0,12.5,89,0.0,0.0
2022,2,20,3,19.2,58,0.0,8.0
2022,2,20,6,25.6,37,0.0,10.0
2022,2,20,9,24.0,42,0.0,8.0
2022,2,20,12,21.0,61,0.0,4.0
2022,2,20,15,17.0,81,0.0,8.0
2022,2,20,18,15.0,84,0.0,6.0
2022,2,20,21,14.6,89,0.0,0.0
2022,2,21,0,14.4,93,0.0,0.0
2022,2,21,3,17.8,85,0.0,6.0
2022,2,21,6,22.8,57,0.0,1.0
2022,2,21,9,24.8,48,0.0,5.0
2022,2,21,12,20.0,60,0.8,6.0
2022,2,21,15,17.5,84,0.0,6.0
2022,2,21,18,16.0,87,0.0,5.0
2022,2,21,21,14.6,89,0.0,6.0
2022,2,22,0,14.0,88,0.0,8.0
2022,2,22,3,17.2,76,0.0,6.0
2022,2,22,6,23.0,52,0.0,8.0
2022,2,22,9,25.0,44,0.0,1.0
2022,2,22,12,22.0,58,0.0,6.0
2022,2,22,15,17.0,87,0.0,5.0
2022,2,22,18,14.8,91,0.0,6.0
2022,2,22,21,15.2,82,0.0,5.0
2022,2,23,0,15.0,76,0.0,5.0
2022,2,23,3,19.0,59,0.0,1.0
2022,2,23,6,24.2,44,0.0,1.0
2022,2,23,9,25.7,40,0.0,5.0
2022,2,23,12,23.5,53,0.0,0.0
2022,2,23,15,17.5,84,0.0,0.0
2022,2,23,18,16.0,89,0.0,0.0
2022,2,23,21,15.6,91,0.0,5.0
2022,2,24,0,15.0,93,0.0,5.0
2022,2,24,3,18.0,76,0.0,7.0
2022,2,24,6,21.8,65,0.0,6.0
2022,2,24,9,24.8,58,0.0,8.0
2022,2,24,12,23.0,68,0.0,6.0
2022,2,24,15,20.5,80,0.0,5.0
2022,2,24,18,19.2,82,3.0,5.0
2022,2,24,21,17.8,92,31.0,6.0
2022,2,25,0,17.5,95,0.0,5.0
2022,2,25,3,19.4,79,0.0,8.0
2022,2,25,6,26.0,54,0.0,6.0
2022,2,25,9,27.5,52,0.0,5.0
2022,2,25,12,19.5,75,0.0,8.0
2022,2,25,15,18.0,84,0.0,0.0
2022,2,25,18,16.5,89,0.0,0.0
2022,2,25,21,16.2,89,0.0,5.0
2022,2,26,0,16.4,85,0.0,5.0
2022,2,26,3,19.0,79,0.0,6.0
2022,2,26,6,25.0,58,0.0,5.0
2022,2,26,9,27.7,53,0.0,0.0
2022,2,26,12,25.0,65,0.0,5.0
2022,2,26,15,20.0,90,0.0,5.0
2022,2,26,18,18.5,90,0.0,5.0
2022,2,26,21,17.4,93,0.0,0.0
2022,2,27,0,16.8,96,0.0,0.0
2022,2,27,3,21.0,86,0.0,0.0
2022,2,27,6,26.4,58,0.0,5.0
2022,2,27,9,27.5,50,0.0,6.0
2022,2,27,12,25.0,61,0.0,8.0
2022,2,27,15,20.4,79,0.0,0.0
2022,2,27,18,18.0,86,0.0,5.0
2022,2,27,21,17.5,92,0.0,0.0
2022,2,28,0,17.0,95,0.0,0.0
2022,2,28,3,20.0,90,0.0,0.0
2022,2,28,6,26.5,56,0.0,0.0
2022,2,28,9,30.0,39,0.0,10.0
2022,2,28,12,25.5,58,0.0,7.0
2022,2,28,15,19.5,85,0.0,0.0
2022,2,28,18,18.2,87,0.0,0.0
2022,2,28,21,16.5,95,0.0,0.0
2022,3,1,0,15.2,95,0.0,0.0
2022,3,1,3,20.8,77,0.0,6.0
2022,3,1,6,26.5,52,0.0,0.0
2022,3,1,9,29.0,41,0.0,5.0
2022,3,1,12,25.0,58,0.0,0.0
2022,3,1,15,20.0,79,0.0,0.0
2022,3,1,18,18.5,86,0.0,0.0
2022,3,1,21,16.8,91,0.0,0.0
2022,3,2,0,15.8,94,0.0,0.0
2022,3,2,3,21.5,72,0.0,5.0
2022,3,2,6,28.4,37,0.0,5.0
2022,3,2,9,31.0,24,0.0,8.0
2022,3,2,12,25.5,44,0.0,5.0
2022,3,2,15,19.5,70,0.0,5.0
2022,3,2,18,18.0,84,0.0,5.0
2022,3,2,21,16.4,89,0.0,0.0
2022,3,3,0,15.5,94,0.0,0.0
2022,3,3,3,21.5,72,0.0,0.0
2022,3,3,6,28.0,46,0.0,5.0
2022,3,3,9,30.5,35,0.0,8.0
2022,3,3,12,25.0,58,0.0,5.0
2022,3,3,15,20.5,80,0.0,5.0
2022,3,3,18,19.0,88,0.0,5.0
2022,3,3,21,17.8,89,0.0,0.0
2022,3,4,0,16.5,89,0.0,4.0
2022,3,4,3,22.2,66,0.0,6.0
2022,3,4,6,28.2,45,0.0,10.0
2022,3,4,9,30.5,39,0.0,10.0
2022,3,4,12,27.0,52,0.0,5.0
2022,3,4,15,20.5,75,0.0,0.0
2022,3,4,18,19.5,82,0.0,0.0
2022,3,4,21,18.2,87,0.0,0.0
2022,3,5,0,16.8,91,0.0,0.0
2022,3,5,3,22.4,64,0.0,6.0
2022,3,5,6,30.0,42,0.0,10.0
2022,3,5,9,31.3,30,0.0,11.0
2022,3,5,12,27.0,45,0.0,7.0
2022,3,5,15,20.4,76,0.0,0.0
2022,3,5,18,18.3,84,0.0,0.0
2022,3,5,21,17.0,92,0.0,0.0
2022,3,6,0,16.0,97,0.0,0.0
2022,3,6,3,23.0,63,0.0,0.0
2022,3,6,6,27.2,57,0.0,4.0
2022,3,6,9,31.4,35,0.0,6.0
2022,3,6,12,28.0,46,0.0,5.0
2022,3,6,15,21.5,80,0.0,0.0
2022,3,6,18,18.0,89,0.0,0.0
2022,3,6,21,17.5,91,0.0,0.0
2022,3,7,0,17.2,93,0.0,5.0
2022,3,7,3,23.8,61,0.0,5.0
2022,3,7,6,30.0,42,0.0,1.0
2022,3,7,9,32.0,39,0.0,5.0
2022,3,7,12,29.0,53,0.0,0.0
2022,3,7,15,22.5,81,0.0,0.0
2022,3,7,18,21.0,87,0.0,0.0
2022,3,7,21,19.8,86,0.0,0.0
2022,3,8,0,18.0,89,0.0,0.0
2022,3,8,3,24.5,70,0.0,6.0
2022,3,8,6,31.0,40,0.0,5.0
2022,3,8,9,33.4,34,0.0,6.0
2022,3,8,12,29.4,51,0.0,5.0
2022,3,8,15,23.5,77,0.0,5.0
2022,3,8,18,22.0,83,0.0,5.0
2022,3,8,21,20.0,86,0.0,4.0
2022,3,9,0,17.8,92,0.0,5.0
2022,3,9,3,23.0,71,0.0,6.0
2022,3,9,6,31.0,48,0.0,4.0
2022,3,9,9,33.0,37,0.0,10.0
2022,3,9,12,29.0,48,0.0,5.0
2022,3,9,15,21.8,83,0.0,5.0
2022,3,9,18,19.0,90,0.0,0.0
2022,3,9,21,18.0,92,0.0,0.0
2022,3,10,0,17.4,95,0.0,5.0
2022,3,10,3,24.0,69,0.0,5.0
2022,3,10,6,31.2,41,0.0,6.0
2022,3,10,9,32.7,26,0.0,5.0
2022,3,10,12,29.4,45,0.0,0.0
2022,3,10,15,24.0,69,0.0,5.0
2022,3,10,18,20.2,83,0.0,0.0
2022,3,10,21,19.0,88,0.0,0.0
2022,3,11,0,17.8,92,0.0,0.0
2022,3,11,3,24.0,68,0.0,6.0
2022,3,11,6,30.2,47,0.0,5.0
2022,3,11,9,34.0,33,0.0,5.0
2022,3,11,12,29.5,52,0.0,5.0
2022,3,11,15,24.0,73,0.0,5.0
2022,3,11,18,22.5,81,0.0,5.0
2022,3,11,21,20.0,86,0.0,4.0
2022,3,12,0,18.0,89,0.0,5.0
2022,3,12,3,23.8,70,0.0,5.0
2022,3,12,6,30.0,49,0.0,5.0
2022,3,12,9,34.0,31,0.0,3.0
2022,3,12,12,30.2,52,0.0,4.0
2022,3,12,15,23.5,69,0.0,5.0
2022,3,12,18,19.5,85,0.0,5.0
2022,3,12,21,19.2,90,0.0,0.0
2022,3,13,0,18.8,90,0.0,0.0
2022,3,13,3,24.6,69,0.0,5.0
2022,3,13,6,30.5,50,0.0,5.0
2022,3,13,9,33.5,44,0.0,5.0
2022,3,13,12,30.0,55,0.0,0.0
2022,3,13,15,24.0,73,0.0,0.0
2022,3,13,18,20.0,83,0.0,0.0
2022,3,13,21,20.0,85,0.0,5.0
2022,3,14,0,20.0,90,0.0,5.0
2022,3,14,3,24.6,71,0.0,5.0
2022,3,14,6,32.0,46,0.0,0.0
2022,3,14,9,35.0,37,0.0,6.0
2022,3,14,12,30.5,59,0.0,3.0
2022,3,14,15,26.0,74,0.0,3.0
2022,3,14,18,22.5,81,0.0,0.0
2022,3,14,21,19.8,86,0.0,0.0
2022,3,15,0,18.0,95,0.0,0.0
2022,3,15,3,25.0,65,0.0,5.0
2022,3,15,6,31.5,54,0.0,8.0
2022,3,15,9,34.5,37,0.0,8.0
2022,3,15,12,29.5,59,0.0,0.0
2022,3,15,15,24.0,80,0.0,0.0
2022,3,15,18,22.5,86,0.0,0.0
2022,3,15,21,21.0,90,0.0,0.0
2022,3,16,0,19.0,96,0.0,0.0
2022,3,16,3,25.4,74,0.0,4.0
2022,3,16,6,32.0,44,0.0,6.0
2022,3,16,9,34.0,41,0.0,5.0
2022,3,16,12,31.5,48,0.0,0.0
2022,3,16,15,26.0,74,0.0,5.0
2022,3,16,18,24.0,81,0.0,5.0
2022,3,16,21,23.5,87,0.0,5.0
2022,3,17,0,23.0,93,0.0,5.0
2022,3,17,3,27.5,67,0.0,5.0
2022,3,17,6,33.5,44,0.0,6.0
2022,3,17,9,35.6,35,0.0,5.0
2022,3,17,12,32.2,48,0.0,5.0
2022,3,17,15,26.2,77,0.0,5.0
2022,3,17,18,24.5,83,0.0,5.0
2022,3,17,21,23.5,87,0.0,5.0
2022,3,18,0,22.0,95,0.0,5.0
2022,3,18,3,28.0,64,0.0,5.0
2022,3,18,6,33.0,52,0.0,6.0
2022,3,18,9,35.5,43,0.0,5.0
2022,3,18,12,32.2,59,0.0,5.0
2022,3,18,15,26.6,82,0.0,5.0
2022,3,18,18,25.0,87,0.0,5.0
2022,3,18,21,23.4,90,0.0,0.0
2022,3,19,0,22.5,93,0.0,0.0
2022,3,19,3,27.8,69,0.0,5.0
2022,3,19,6,34.2,48,0.0,5.0
2022,3,19,9,36.5,39,0.0,6.0
2022,3,19,12,33.0,49,0.0,5.0
2022,3,19,15,27.0,75,0.0,5.0
2022,3,19,18,25.5,82,0.0,5.0
2022,3,19,21,24.4,81,0.0,5.0
2022,3,20,0,22.2,83,0.0,5.0
2022,3,20,3,27.0,59,0.0,5.0
2022,3,20,6,32.5,49,0.0,6.0
2022,3,20,9,35.8,40,0.0,8.0
2022,3,20,12,31.0,50,0.0,5.0
2022,3,20,15,27.0,75,0.0,0.0
2022,3,20,18,25.8,82,0.0,0.0
2022,3,20,21,25.4,88,0.0,5.0
2022,3,21,0,23.5,91,0.0,5.0
2022,3,21,3,26.0,74,0.0,6.0
2022,3,21,6,30.4,52,0.0,6.0
2022,3,21,9,31.5,60,0.0,8.0
2022,3,21,12,29.0,76,0.0,6.0
2022,3,21,15,26.5,87,0.0,5.0
2022,3,21,18,25.5,90,0.0,5.0
2022,3,21,21,24.2,84,0.0,4.0
2022,3,22,0,22.0,86,0.0,5.0
2022,3,22,3,26.0,66,0.0,6.0
2022,3,22,6,31.8,58,0.0,4.0
2022,3,22,9,33.0,59,0.0,5.0
2022,3,22,12,31.4,69,0.0,0.0
2022,3,22,15,28.0,88,0.0,5.0
2022,3,22,18,26.0,91,0.0,0.0
2022,3,22,21,25.6,91,0.0,0.0
2022,3,23,0,25.0,91,0.0,4.0
2022,3,23,3,28.0,72,0.0,5.0
2022,3,23,6,33.2,56,0.0,6.0
2022,3,23,9,34.5,48,0.0,8.0
2022,3,23,12,29.0,61,0.0,8.0
2022,3,23,15,25.5,77,0.0,5.0
2022,3,23,18,24.5,82,0.0,5.0
2022,3,23,21,23.2,90,0.0,0.0
2022,3,24,0,22.4,92,0.0,0.0
2022,3,24,3,28.0,64,0.0,0.0
2022,3,24,6,34.0,46,0.0,6.0
2022,3,24,9,35.0,27,0.0,8.0
2022,3,24,12,32.0,44,0.0,5.0
2022,3,24,15,25.0,70,0.0,0.0
2022,3,24,18,23.5,77,0.0,0.0
2022,3,24,21,24.0,87,0.0,5.0
2022,3,25,0,25.4,91,0.0,6.0
2022,3,25,3,27.5,79,0.0,5.0
2022,3,25,6,32.5,57,0.0,5.0
2022,3,25,9,34.5,56,0.0,12.0
2022,3,25,12,32.0,51,0.0,6.0
2022,3,25,15,27.5,75,0.0,8.0
2022,3,25,18,26.5,87,0.0,6.0
2022,3,25,21,26.2,90,0.0,8.0
2022,3,26,0,26.0,91,0.0,10.0
2022,3,26,3,28.5,76,0.0,6.0
2022,3,26,6,33.0,49,0.0,6.0
2022,3,26,9,36.2,36,0.0,10.0
2022,3,26,12,31.5,57,0.0,8.0
2022,3,26,15,26.5,75,0.0,8.0
2022,3,26,18,25.0,82,0.0,8.0
2022,3,26,21,21.2,90,0.0,6.0
2022,3,27,0,24.2,94,0.0,5.0
2022,3,27,3,28.4,80,0.0,8.0
2022,3,27,6,32.2,63,0.0,6.0
2022,3,27,9,33.0,49,0.0,8.0
2022,3,27,12,31.4,64,0.0,0.0
2022,3,27,15,27.5,83,0.0,5.0
2022,3,27,18,25.0,89,0.0,5.0
2022,3,27,21,25.5,91,0.0,5.0
2022,3,28,0,25.2,89,0.0,6.0
2022,3,28,3,26.2,85,0.0,6.0
2022,3,28,6,28.4,67,0.0,1.0
2022,3,28,9,30.5,63,0.0,1.0
2022,3,28,12,28.4,75,0.0,5.0
2022,3,28,15,26.0,82,0.0,6.0
2022,3,28,18,24.3,88,0.0,5.0
2022,3,28,21,24.0,87,0.0,5.0
2022,3,29,0,24.5,82,0.0,8.0
2022,3,29,3,25.0,78,0.0,8.0
2022,3,29,6,27.2,70,0.0,1.0
2022,3,29,9,29.5,62,0.0,8.0
2022,3,29,12,27.5,75,0.0,5.0
2022,3,29,15,26.0,80,0.0,5.0
2022,3,29,18,24.5,82,0.0,6.0
2022,3,29,21,24.2,84,0.0,5.0
2022,3,30,0,23.8,80,0.0,6.0
2022,3,30,3,24.0,73,0.0,6.0
2022,3,30,6,24.5,78,0.0,8.0
2022,3,30,9,27.2,70,0.0,6.0
2022,3,30,12,25.0,70,0.0,7.0
2022,3,30,15,24.0,77,0.0,8.0
2022,3,30,18,23.5,81,0.0,8.0
2022,3,30,21,23.2,84,0.0,8.0
2022,3,31,0,23.0,86,0.0,8.0
2022,3,31,3,23.0,86,0.0,6.0
2022,3,31,6,24.0,87,0.0,5.0
2022,3,31,9,26.6,78,0.0,1.0
2022,3,31,12,25.5,82,0.0,8.0
2022,3,31,15,23.0,91,0.0,1.0
2022,3,31,18,21.8,93,0.0,8.0
2022,3,31,21,22.0,92,1.8,6.0
2022,4,1,0,23.2,93,0.0,0.0
2022,4,1,3,26.0,87,0.0,5.0
2022,4,1,6,25.8,82,0.0,8.0
2022,4,1,9,29.0,74,0.0,5.0
2022,4,1,12,27.5,79,0.0,8.0
2022,4,1,15,25.0,87,0.0,1.0
2022,4,1,18,23.5,89,0.0,8.0
2022,4,1,21,24.0,89,0.0,6.0
2022,4,2,0,23.2,93,0.0,0.0
2022,4,2,3,24.8,89,0.0,5.0
2022,4,2,6,27.0,83,0.0,12.0
2022,4,2,9,29.0,68,0.0,7.0
2022,4,2,12,26.0,78,0.0,8.0
2022,4,2,15,24.2,81,0.0,7.0
2022,4,2,18,23.5,87,0.0,7.0
2022,4,2,21,23.2,89,0.0,6.0
2022,4,3,0,23.0,91,0.0,8.0
2022,4,3,3,23.8,91,3.6,6.0
2022,4,3,6,26.4,82,0.0,5.0
2022,4,3,9,26.8,81,0.0,5.0
2022,4,3,12,26.4,84,0.0,5.0
2022,4,3,15,25.0,87,0.0,6.0
2022,4,3,18,24.0,93,10.0,6.0
2022,4,3,21,24.5,91,0.0,12.0
2022,4,4,0,25.0,91,0.0,10.0
2022,4,4,3,27.6,78,0.0,8.0
2022,4,4,6,33.0,64,0.0,8.0
2022,4,4,9,34.0,58,0.0,8.0
2022,4,4,12,31.3,75,0.0,7.0
2022,4,4,15,26.0,87,0.0,5.0
2022,4,4,18,23.5,91,0.0,5.0
2022,4,4,21,24.5,91,0.0,5.0
2022,4,5,0,26.5,92,0.0,5.0
2022,4,5,3,29.0,76,0.0,6.0
2022,4,5,6,32.0,63,0.0,8.0
2022,4,5,9,35.0,47,0.0,6.0
2022,4,5,12,31.0,73,0.0,0.0
2022,4,5,15,29.0,83,0.0,5.0
2022,4,5,18,27.0,89,0.0,5.0
2022,4,5,21,26.2,88,0.0,6.0
2022,4,6,0,26.5,87,0.0,6.0
2022,4,6,3,26.8,87,0.0,8.0
2022,4,6,6,30.0,75,0.0,6.0
2022,4,6,9,31.2,72,0.0,8.0
2022,4,6,12,27.8,83,0.0,1.0
2022,4,6,15,25.0,87,0.0,6.0
2022,4,6,18,24.0,89,0.0,5.0
2022,4,6,21,24.0,88,0.0,4.0
2022,4,7,0,24.0,87,0.0,5.0
2022,4,7,3,24.2,81,0.0,5.0
2022,4,7,6,28.0,72,0.0,3.0
2022,4,7,9,30.0,69,0.0,5.0
2022,4,7,12,27.0,80,0.0,8.0
2022,4,7,15,25.0,87,0.0,5.0
2022,4,7,18,23.6,91,0.0,7.0
2022,4,7,21,23.4,91,0.0,6.0
2022,4,8,0,23.4,87,0.0,8.0
2022,4,8,3,25.0,82,0.0,8.0
2022,4,8,6,25.5,78,0.0,7.0
2022,4,8,9,28.0,75,0.0,6.0
2022,4,8,12,26.5,79,0.0,5.0
2022,4,8,15,24.5,87,0.0,8.0
2022,4,8,18,23.0,91,0.0,8.0
2022,4,8,21,22.2,90,0.0,5.0
2022,4,9,0,21.6,91,0.0,5.0
2022,4,9,3,24.5,74,0.0,8.0
2022,4,9,6,26.0,73,0.0,1.0
2022,4,9,9,28.0,67,0.0,9.0
2022,4,9,12,25.5,78,0.0,7.0
2022,4,9,15,24.0,81,0.0,5.0
2022,4,9,18,22.5,87,0.0,6.0
2022,4,9,21,21.2,93,30.0,1.0
2022,4,10,0,21.0,95,21.0,1.0
2022,4,10,3,25.0,82,7.0,1.0
2022,4,10,6,26.3,76,0.0,1.0
2022,4,10,9,27.0,71,0.0,1.0
2022,4,10,12,24.0,82,0.2,8.0
2022,4,10,15,22.5,91,0.0,1.0
2022,4,10,18,21.5,93,0.0,1.0
2022,4,10,21,21.8,91,0.0,8.0
2022,4,11,0,22.2,89,0.0,1.0
2022,4,11,3,24.0,81,0.0,1.0
2022,4,11,6,26.4,74,0.0,1.0
2022,4,11,9,27.2,73,0.0,5.0
2022,4,11,12,26.2,76,0.0,6.0
2022,4,11,15,24.5,79,0.0,8.0
2022,4,11,18,23.6,85,0.0,8.0
2022,4,11,21,23.4,89,0.0,0.0
2022,4,12,0,23.0,91,0.0,0.0
2022,4,12,3,24.2,85,0.0,1.0
2022,4,12,6,25.5,82,0.0,8.0
2022,4,12,9,30.0,71,0.0,6.0
2022,4,12,12,29.2,79,0.0,0.0
2022,4,12,15,27.0,75,0.0,5.0
2022,4,12,18,25.8,85,0.0,5.0
2022,4,12,21,24.0,89,0.0,4.0
2022,4,13,0,22.6,96,41.0,1.0
2022,4,13,3,24.5,87,0.8,2.0
2022,4,13,6,27.0,83,0.0,8.0
2022,4,13,9,26.7,81,0.0,5.0
2022,4,13,12,26.0,82,0.0,7.0
2022,4,13,15,25.3,86,0.0,5.0
2022,4,13,18,24.2,89,0.0,5.0
2022,4,13,21,26.0,91,0.0,5.0
2022,4,14,0,26.8,95,0.0,6.0
2022,4,14,3,28.0,92,0.4,8.0
2022,4,14,6,31.5,76,0.0,8.0
2022,4,14,9,33.5,68,0.0,8.0
2022,4,14,12,30.0,76,0.0,6.0
2022,4,14,15,29.5,88,0.0,7.0
2022,4,14,18,27.0,92,0.0,5.0
2022,4,14,21,25.8,92,0.0,0.0
2022,4,15,0,24.6,93,0.0,0.0
2022,4,15,3,26.5,87,0.0,5.0
2022,4,15,6,32.5,67,0.0,6.0
2022,4,15,9,35.2,61,0.0,6.0
2022,4,15,12,32.5,70,0.0,8.0
2022,4,15,15,29.5,84,0.0,10.0
2022,4,15,18,28.5,86,0.0,8.0
2022,4,15,21,28.0,88,0.0,6.0
2022,4,16,0,27.8,89,0.0,1.0
2022,4,16,3,29.2,82,0.0,8.0
2022,4,16,6,32.5,67,0.0,6.0
2022,4,16,9,34.5,61,0.0,8.0
2022,4,16,12,31.6,74,0.0,10.0
2022,4,16,15,29.6,83,0.0,10.0
2022,4,16,18,28.8,86,0.0,8.0
2022,4,16,21,27.0,85,0.0,5.0
2022,4,17,0,26.0,87,0.0,5.0
2022,4,17,3,29.0,83,0.0,6.0
2022,4,17,6,32.5,70,0.0,6.0
2022,4,17,9,34.5,59,0.0,7.0
2022,4,17,12,31.3,75,0.0,6.0
2022,4,17,15,28.3,89,0.0,5.0
2022,4,17,18,27.0,93,0.0,7.0
2022,4,17,21,25.8,88,0.0,6.0
2022,4,18,0,24.6,84,0.0,8.0
2022,4,18,3,29.0,76,0.0,6.0
2022,4,18,6,32.0,70,0.0,8.0
2022,4,18,9,32.0,69,0.0,1.0
2022,4,18,12,29.0,83,0.0,8.0
2022,4,18,15,26.8,87,0.0,8.0
2022,4,18,18,25.8,90,0.0,8.0
2022,4,18,21,25.0,86,0.0,5.0
2022,4,19,0,24.8,82,0.0,5.0
2022,4,19,3,23.0,96,35.0,10.0
2022,4,19,6,24.5,91,5.6,0.0
2022,4,19,9,31.0,66,0.0,6.0
2022,4,19,12,29.0,76,0.0,4.0
2022,4,19,15,27.0,83,0.0,5.0
2022,4,19,18,25.5,90,0.0,7.0
2022,4,19,21,24.0,91,0.0,5.0
2022,4,20,0,20.4,92,10.0,8.0
2022,4,20,3,21.5,91,0.4,1.0
2022,4,20,6,25.0,74,0.4,4.0
2022,4,20,9,27.5,69,0.0,6.0
2022,4,20,12,26.5,75,0.0,5.0
2022,4,20,15,24.0,91,0.4,0.0
2022,4,20,18,23.2,93,0.0,0.0
2022,4,20,21,22.6,91,0.0,0.0
2022,4,21,0,22.0,94,0.0,0.0
2022,4,21,3,26.0,73,0.0,7.0
2022,4,21,6,29.8,60,0.0,5.0
2022,4,21,9,31.0,56,0.0,5.0
2022,4,21,12,29.0,62,0.0,5.0
2022,4,21,15,27.0,79,0.0,0.0
2022,4,21,18,26.0,85,0.0,0.0
2022,4,21,21,25.6,91,0.0,5.0
2022,4,22,0,25.2,91,0.0,5.0
2022,4,22,3,26.0,87,0.4,6.0
2022,4,22,6,26.0,88,1.0,6.0
2022,4,22,9,26.0,82,0.0,5.0
2022,4,22,12,25.5,79,0.0,5.0
2022,4,22,15,24.5,87,0.0,5.0
2022,4,22,18,23.0,91,0.0,6.0
2022,4,22,21,23.2,92,0.6,0.0
2022,4,23,0,23.4,94,0.0,5.0
2022,4,23,3,25.8,85,0.0,4.0
2022,4,23,6,29.0,76,0.0,0.0
2022,4,23,9,33.0,64,0.0,5.0
2022,4,23,12,32.0,70,0.0,5.0
2022,4,23,15,28.5,88,0.0,6.0
2022,4,23,18,27.5,90,0.0,6.0
2022,4,23,21,26.6,90,0.0,5.0
2022,4,24,0,26.0,91,0.0,5.0
2022,4,24,3,30.0,69,0.0,5.0
2022,4,24,6,34.6,47,0.0,8.0
2022,4,24,9,36.8,31,0.0,10.0
2022,4,24,12,33.0,57,0.0,0.0
2022,4,24,15,29.6,76,0.0,5.0
2022,4,24,18,28.0,85,0.0,5.0
2022,4,24,21,26.8,92,0.0,0.0
2022,4,25,0,25.5,93,0.0,0.0
2022,4,25,3,29.0,68,0.0,5.0
2022,4,25,6,34.4,41,0.0,8.0
2022,4,25,9,36.5,46,0.0,0.0
2022,4,25,12,34.0,65,0.0,6.0
2022,4,25,15,30.0,84,0.0,5.0
2022,4,25,18,26.8,92,0.0,6.0
2022,4,25,21,26.8,92,0.0,5.0
2022,4,26,0,27.0,93,0.0,5.0
2022,4,26,3,29.0,83,0.0,6.0
2022,4,26,6,34.0,65,0.0,6.0
2022,4,26,9,34.6,59,0.0,8.0
2022,4,26,12,32.6,72,0.0,5.0
2022,4,26,15,30.0,84,5.0,6.0
2022,4,26,18,28.8,86,4.0,6.0
2022,4,26,21,26.0,90,0.0,1.0
2022,4,27,0,23.6,86,0.0,1.0
2022,4,27,3,26.2,77,0.0,8.0
2022,4,27,6,29.6,66,0.0,8.0
2022,4,27,9,32.0,66,0.0,5.0
2022,4,27,12,29.5,76,0.0,5.0
2022,4,27,15,27.5,79,0.0,5.0
2022,4,27,18,25.5,87,0.0,5.0
2022,4,27,21,25.0,84,0.0,8.0
2022,4,28,0,24.5,79,0.0,8.0
2022,4,28,3,27.2,73,0.0,1.0
2022,4,28,6,29.0,70,0.0,1.0
2022,4,28,9,31.2,65,0.0,6.0
2022,4,28,12,30.0,76,0.0,5.0
2022,4,28,15,27.6,82,0.0,5.0
2022,4,28,18,26.4,87,0.0,5.0
2022,4,28,21,26.2,82,0.0,4.0
2022,4,29,0,26.0,82,0.0,5.0
2022,4,29,3,27.8,72,0.0,5.0
2022,4,29,6,30.8,74,0.0,6.0
2022,4,29,9,32.5,70,0.0,5.0
2022,4,29,12,30.2,79,0.0,5.0
2022,4,29,15,28.3,85,0.0,5.0
2022,4,29,18,27.5,88,0.0,8.0
2022,4,29,21,23.0,95,13.5,1.0
2022,4,30,0,21.0,94,3.0,6.0
2022,4,30,3,22.5,95,2.0,6.0
2022,4,30,6,25.0,82,1.6,6.0
2022,4,30,9,27.0,72,0.0,6.0
2022,4,30,12,25.2,80,0.0,8.0
2022,4,30,15,23.0,86,0.0,6.0
2022,4,30,18,22.0,89,0.0,5.0
2022,4,30,21,22.2,91,0.0,6.0
2022,5,1,0,22.5,91,0.0,1.0
2022,5,1,3,26.0,74,0.0,6.0
2022,5,1,6,30.0,62,0.0,6.0
2022,5,1,9,30.2,61,0.0,7.0
2022,5,1,12,29.0,68,0.0,5.0
2022,5,1,15,26.5,83,0.0,5.0
2022,5,1,18,23.8,87,0.0,6.0
2022,5,1,21,23.6,87,0.0,6.0
2022,5,2,0,24.0,89,0.2,6.0
2022,5,2,3,26.5,75,0.0,10.0
2022,5,2,6,30.0,65,0.0,9.0
2022,5,2,9,29.6,68,0.0,1.0
2022,5,2,12,24.8,84,0.0,8.0
2022,5,2,15,23.6,87,0.0,6.0
2022,5,2,18,23.6,87,0.0,6.0
2022,5,2,21,23.4,87,0.0,5.0
2022,5,3,0,23.0,91,0.0,5.0
2022,5,3,3,24.5,87,0.0,6.0
2022,5,3,6,27.5,75,0.0,1.0
2022,5,3,9,30.0,65,0.0,1.0
2022,5,3,12,29.0,68,0.0,5.0
2022,5,3,15,25.5,87,0.0,5.0
2022,5,3,18,24.0,89,0.0,5.0
2022,5,3,21,23.4,91,0.0,4.0
2022,5,4,0,23.0,91,0.0,4.0
2022,5,4,3,26.0,78,0.0,8.0
2022,5,4,6,29.5,64,0.0,1.0
2022,5,4,9,30.5,59,0.0,5.0
2022,5,4,12,29.2,67,0.0,5.0
2022,5,4,15,26.5,81,0.0,5.0
2022,5,4,18,24.5,89,0.0,5.0
2022,5,4,21,24.2,89,0.0,5.0
2022,5,5,0,24.0,87,0.0,5.0
2022,5,5,3,28.0,75,0.0,5.0
2022,5,5,6,31.8,62,0.0,5.0
2022,5,5,9,32.0,60,0.0,6.0
2022,5,5,12,30.0,69,2.0,5.0
2022,5,5,15,27.0,83,0.0,0.0
2022,5,5,18,25.5,88,0.0,0.0
2022,5,5,21,25.2,89,0.0,0.0
2022,5,6,0,25.0,91,0.0,5.0
2022,5,6,3,28.5,75,0.0,8.0
2022,5,6,6,33.4,55,0.0,8.0
2022,5,6,9,29.0,80,0.6,5.0
2022,5,6,12,27.0,83,0.0,0.0
2022,5,6,15,26.0,91,0.0,0.0
2022,5,6,18,25.0,93,0.0,0.0
2022,5,6,21,25.0,91,0.0,0.0
2022,5,7,0,24.8,93,0.0,0.0
2022,5,7,3,29.6,75,0.0,8.0
2022,5,7,6,34.0,53,0.0,6.0
2022,5,7,9,33.8,52,0.0,5.0
2022,5,7,12,32.0,60,0.0,0.0
2022,5,7,15,28.0,83,0.0,0.0
2022,5,7,18,27.0,87,0.0,0.0
2022,5,7,21,26.0,88,0.0,5.0
2022,5,8,0,25.0,91,0.0,5.0
2022,5,8,3,30.4,66,0.0,6.0
2022,5,8,6,34.2,54,0.0,5.0
2022,5,8,9,35.3,52,0.0,6.0
2022,5,8,12,33.0,57,0.0,5.0
2022,5,8,15,28.6,70,0.0,0.0
2022,5,8,18,27.0,81,0.0,0.0
2022,5,8,21,26.4,84,0.0,0.0
2022,5,9,0,26.0,87,0.0,0.0
2022,5,9,3,31.2,68,0.0,4.0
2022,5,9,6,34.5,58,0.0,5.0
2022,5,9,9,35.5,52,0.0,6.0
2022,5,9,12,28.0,67,0.0,10.0
2022,5,9,15,28.0,83,0.0,7.0
2022,5,9,18,27.0,87,0.0,6.0
2022,5,9,21,26.8,90,0.0,0.0
2022,5,10,0,26.0,93,0.4,0.0
2022,5,10,3,28.8,77,0.0,0.0
2022,5,10,6,32.0,65,0.0,5.0
2022,5,10,9,34.5,53,0.0,5.0
2022,5,10,12,31.0,69,0.0,5.0
2022,5,10,15,27.5,83,0.0,6.0
2022,5,10,18,27.5,92,0.0,5.0
2022,5,10,21,26.2,91,0.0,4.0
2022,5,11,0,26.0,93,0.0,0.0
2022,5,11,3,27.0,87,0.0,5.0
2022,5,11,6,32.0,70,0.0,5.0
2022,5,11,9,35.0,53,0.0,5.0
2022,5,11,12,30.4,72,0.0,10.0
2022,5,11,15,28.0,88,0.0,5.0
2022,5,11,18,27.0,92,0.0,6.0
2022,5,11,21,26.4,88,0.0,5.0
2022,5,12,0,26.6,90,0.0,5.0
2022,5,12,3,29.0,83,0.0,7.0
2022,5,12,6,32.5,67,0.0,8.0
2022,5,12,9,35.0,58,0.0,6.0
2022,5,12,12,33.0,64,0.0,5.0
2022,5,12,15,30.0,80,0.0,6.0
2022,5,12,18,28.5,86,0.0,5.0
2022,5,12,21,27.0,88,0.0,6.0
2022,5,13,0,24.0,95,98.0,6.0
2022,5,13,3,23.5,95,5.6,6.0
2022,5,13,6,25.0,96,13.0,6.0
2022,5,13,9,29.5,76,1.0,5.0
2022,5,13,12,27.8,85,0.0,5.0
2022,5,13,15,26.5,92,0.0,0.0
2022,5,13,18,25.0,95,14.0,5.0
2022,5,13,21,25.2,95,0.0,5.0
2022,5,14,0,25.4,96,0.0,5.0
2022,5,14,3,26.0,95,0.0,5.0
2022,5,14,6,26.8,95,1.4,6.0
2022,5,14,9,29.5,80,0.0,5.0
2022,5,14,12,28.2,90,0.0,6.0
2022,5,14,15,27.5,89,0.0,6.0
2022,5,14,18,26.0,92,2.0,8.0
2022,5,14,21,26.2,91,0.0,4.0
2022,5,15,0,26.5,93,0.0,0.0
2022,5,15,3,27.6,88,0.0,5.0
2022,5,15,6,31.4,73,0.0,5.0
2022,5,15,9,32.7,68,0.0,5.0
2022,5,15,12,31.2,75,0.0,5.0
2022,5,15,15,29.4,89,0.0,5.0
2022,5,15,18,28.5,92,0.0,5.0
2022,5,15,21,26.0,95,25.0,8.0
2022,5,16,0,24.8,93,0.0,8.0
2022,5,16,3,26.0,88,0.0,8.0
2022,5,16,6,28.5,83,0.0,1.0
2022,5,16,9,30.6,76,0.0,8.0
2022,5,16,12,28.0,80,0.0,8.0
2022,5,16,15,26.5,87,0.0,7.0
2022,5,16,18,25.0,93,0.0,6.0
2022,5,16,21,23.0,93,20.0,10.0
2022,5,17,0,23.8,93,15.0,6.0
2022,5,17,3,25.6,90,0.0,6.0
2022,5,17,6,27.0,83,0.0,8.0
2022,5,17,9,29.0,76,0.0,6.0
2022,5,17,12,27.0,87,0.0,6.0
2022,5,17,15,26.0,87,0.0,5.0
2022,5,17,18,24.8,89,0.0,5.0
2022,5,17,21,25.2,90,0.0,5.0
2022,5,18,0,25.6,91,0.0,5.0
2022,5,18,3,28.4,80,0.0,5.0
2022,5,18,6,32.4,69,0.0,5.0
2022,5,18,9,34.6,61,0.0,10.0
2022,5,18,12,32.0,70,0.0,5.0
2022,5,18,15,30.5,84,0.0,0.0
2022,5,18,18,27.0,92,0.0,1.0
2022,5,18,21,26.5,96,7.2,1.0
2022,5,19,0,25.0,96,0.0,1.0
2022,5,19,3,25.0,91,0.0,6.0
2022,5,19,6,29.0,80,0.0,8.0
2022,5,19,9,29.0,83,0.0,8.0
2022,5,19,12,27.8,87,0.0,8.0
2022,5,19,15,23.5,87,15.0,5.0
2022,5,19,18,23.0,91,3.0,5.0
2022,5,19,21,23.0,93,4.0,6.0
2022,5,20,0,23.2,94,3.0,6.0
2022,5,20,3,25.4,82,0.2,1.0
2022,5,20,6,26.8,78,0.0,7.0
2022,5,20,9,26.5,79,0.0,8.0
2022,5,20,12,25.5,82,0.0,6.0
2022,5,20,15,25.0,85,0.0,6.0
2022,5,20,18,24.5,89,0.0,7.0
2022,5,20,21,22.0,94,37.4,8.0
2022,5,21,0,21.4,94,9.6,5.0
2022,5,21,3,25.0,82,0.0,6.0
2022,5,21,6,29.0,67,0.0,5.0
2022,5,21,9,26.2,85,5.2,5.0
2022,5,21,12,26.4,74,0.0,5.0
2022,5,21,15,25.0,82,0.0,7.0
2022,5,21,18,24.0,91,0.0,8.0
2022,5,21,21,24.8,89,0.0,6.0
2022,5,22,0,25.0,88,0.0,6.0
2022,5,22,3,26.8,83,0.0,5.0
2022,5,22,6,30.5,66,0.0,6.0
2022,5,22,9,31.5,66,0.0,6.0
2022,5,22,12,30.0,73,0.0,6.0
2022,5,22,15,27.8,83,0.0,5.0
2022,5,22,18,26.8,88,0.0,5.0
2022,5,22,21,26.4,90,0.0,5.0
2022,5,23,0,26.6,92,0.0,5.0
2022,5,23,3,28.2,85,0.0,5.0
2022,5,23,6,30.4,73,0.0,6.0
2022,5,23,9,34.0,58,0.0,8.0
2022,5,23,12,32.0,70,0.0,5.0
2022,5,23,15,28.5,83,0.0,5.0
2022,5,23,18,27.6,85,0.0,0.0
2022,5,23,21,26.5,87,0.0,0.0
2022,5,24,0,25.5,88,0.0,0.0
2022,5,24,3,31.0,68,0.0,5.0
2022,5,24,6,34.5,55,0.0,5.0
2022,5,24,9,35.0,49,0.0,4.0
2022,5,24,12,32.0,63,0.0,0.0
2022,5,24,15,29.2,83,0.0,6.0
2022,5,24,18,28.0,86,0.0,5.0
2022,5,24,21,27.2,88,0.0,5.0
2022,5,25,0,27.0,87,4.0,4.0
2022,5,25,3,27.5,83,0.0,7.0
2022,5,25,6,29.0,79,0.0,6.0
2022,5,25,9,33.4,58,0.0,7.0
2022,5,25,12,32.0,66,0.0,0.0
2022,5,25,15,26.5,87,0.0,5.0
2022,5,25,18,25.0,91,0.0,0.0
2022,5,25,21,25.3,91,0.0,0.0
2022,5,26,0,25.8,89,0.0,4.0
2022,5,26,3,29.0,76,0.0,5.0
2022,5,26,6,32.5,61,0.0,6.0
2022,5,26,9,35.0,53,0.0,8.0
2022,5,26,12,33.0,61,0.0,0.0
2022,5,26,15,29.0,76,0.0,0.0
2022,5,26,18,28.0,79,0.0,0.0
2022,5,26,21,27.4,88,0.0,0.0
2022,5,27,0,27.0,92,0.0,0.0
2022,5,27,3,31.0,69,0.0,5.0
2022,5,27,6,31.8,62,0.0,6.0
2022,5,27,9,33.5,58,0.0,0.0
2022,5,27,12,32.0,66,0.0,5.0
2022,5,27,15,29.5,80,0.0,5.0
2022,5,27,18,28.0,83,0.0,5.0
2022,5,27,21,26.2,85,0.0,0.0
2022,5,28,0,25.5,87,0.0,0.0
2022,5,28,3,28.8,74,0.0,6.0
2022,5,28,6,30.0,73,0.0,8.0
2022,5,28,9,32.0,66,0.0,6.0
2022,5,28,12,31.5,70,0.0,5.0
2022,5,28,15,27.0,79,0.0,5.0
2022,5,28,18,25.8,85,0.0,5.0
2022,5,28,21,25.4,88,0.0,0.0
2022,5,29,0,25.0,91,0.0,0.0
2022,5,29,3,30.0,69,0.0,8.0
2022,5,29,6,33.5,55,0.0,5.0
2022,5,29,9,34.5,54,0.0,4.0
2022,5,29,12,32.8,65,0.0,0.0
2022,5,29,15,30.0,80,0.0,0.0
2022,5,29,18,29.0,83,0.0,0.0
2022,5,29,21,28.2,89,0.0,5.0
2022,5,30,0,27.8,90,0.0,5.0
2022,5,30,3,31.0,74,0.0,5.0
2022,5,30,6,34.5,56,0.0,6.0
2022,5,30,9,34.0,55,0.0,8.0
2022,5,30,12,30.0,69,0.0,5.0
2022,5,30,15,28.0,83,0.0,5.0
2022,5,30,18,27.5,86,0.0,0.0
2022,5,30,21,27.4,90,0.0,0.0
2022,5,31,0,27.6,92,0.0,0.0
2022,5,31,3,32.0,74,0.0,5.0
2022,5,31,6,34.0,58,0.0,6.0
2022,5,31,9,35.0,53,0.0,5.0
2022,5,31,12,32.5,75,0.2,5.0
2022,5,31,15,30.0,80,0.0,5.0
2022,5,31,18,28.8,86,0.0,5.0
2022,5,31,21,27.0,89,0.0,0.0
2022,6,1,0,27.0,92,0.0,0.0
2022,6,1,3,31.0,75,0.0,5.0
2022,6,1,6,34.4,59,0.0,5.0
2022,6,1,9,36.0,51,0.0,5.0
2022,6,1,12,32.5,67,0.0,5.0
2022,6,1,15,31.0,77,0.0,5.0
2022,6,1,18,29.8,81,0.0,5.0
2022,6,1,21,29.0,86,0.0,9.0
2022,6,2,0,28.0,89,0.0,5.0
2022,6,2,3,30.0,80,0.0,5.0
2022,6,2,6,29.5,76,0.0,6.0
2022,6,2,9,32.0,65,0.0,6.0
2022,6,2,12,32.0,72,0.0,5.0
2022,6,2,15,29.5,84,0.0,5.0
2022,6,2,18,28.0,89,0.0,5.0
2022,6,2,21,27.7,83,0.0,0.0
2022,6,3,0,27.5,88,0.0,0.0
2022,6,3,3,29.5,80,0.0,4.0
2022,6,3,6,32.5,70,0.0,6.0
2022,6,3,9,33.5,69,0.0,6.0
2022,6,3,12,32.5,70,0.0,0.0
2022,6,3,15,30.0,84,0.0,8.0
2022,6,3,18,28.5,88,0.0,6.0
2022,6,3,21,26.4,95,2.0,5.0
2022,6,4,0,25.0,93,6.8,0.0
2022,6,4,3,26.4,88,0.0,6.0
2022,6,4,6,26.0,96,6.8,5.0
2022,6,4,9,27.8,87,6.8,5.0
2022,6,4,12,28.4,89,0.0,0.0
2022,6,4,15,27.0,87,0.0,8.0
2022,6,4,18,25.6,90,0.0,5.0
2022,6,4,21,25.3,90,0.0,5.0
2022,6,5,0,25.5,91,0.0,6.0
2022,6,5,3,26.0,87,0.0,6.0
2022,6,5,6,28.5,80,0.0,8.0
2022,6,5,9,30.2,61,0.0,1.0
2022,6,5,12,28.0,75,0.0,8.0
2022,6,5,15,26.0,87,0.0,6.0
2022,6,5,18,25.0,93,0.0,5.0
2022,6,5,21,25.2,92,0.2,5.0
2022,6,6,0,25.8,91,0.0,0.0
2022,6,6,3,26.2,88,0.0,5.0
2022,6,6,6,28.3,81,0.0,6.0
2022,6,6,9,31.0,73,0.0,6.0
2022,6,6,12,29.4,82,0.0,5.0
2022,6,6,15,27.5,88,0.0,6.0
2022,6,6,18,26.4,89,0.0,5.0
2022,6,6,21,25.8,93,1.0,0.0
2022,6,7,0,25.5,96,2.0,0.0
2022,6,7,3,26.0,91,18.0,5.0
2022,6,7,6,28.4,85,0.2,5.0
2022,6,7,9,30.8,75,0.0,6.0
2022,6,7,12,30.0,80,0.0,0.0
2022,6,7,15,28.5,88,0.0,0.0
2022,6,7,18,28.0,92,0.0,0.0
2022,6,7,21,27.8,92,0.0,0.0
2022,6,8,0,27.5,92,0.0,4.0
2022,6,8,3,29.0,80,0.0,8.0
2022,6,8,6,31.5,74,0.0,8.0
2022,6,8,9,32.0,73,0.0,5.0
2022,6,8,12,31.4,77,0.0,5.0
2022,6,8,15,29.4,85,0.0,5.0
2022,6,8,18,28.5,88,0.0,6.0
2022,6,8,21,25.0,95,42.0,6.0
2022,6,9,0,26.0,95,17.0,8.0
2022,6,9,3,25.5,96,10.6,5.0
2022,6,9,6,27.0,92,1.4,9.0
2022,6,9,9,29.0,82,0.0,5.0
2022,6,9,12,28.8,86,0.0,5.0
2022,6,9,15,27.0,87,0.0,7.0
2022,6,9,18,25.0,91,0.0,6.0
2022,6,9,21,25.6,91,0.0,5.0
2022,6,10,0,26.0,90,0.0,5.0
2022,6,10,3,27.0,81,0.0,6.0
2022,6,10,6,30.2,71,0.0,8.0
2022,6,10,9,31.4,71,0.0,5.0
2022,6,10,12,30.0,80,0.0,8.0
2022,6,10,15,28.4,87,0.0,6.0
2022,6,10,18,27.8,89,0.0,8.0
2022,6,10,21,26.5,90,0.0,4.0
2022,6,11,0,26.2,90,0.0,4.0
2022,6,11,3,29.4,73,0.0,8.0
2022,6,11,6,31.4,74,0.0,6.0
2022,6,11,9,33.0,70,0.0,1.0
2022,6,11,12,32.5,74,0.0,6.0
2022,6,11,15,30.0,90,0.2,5.0
2022,6,11,18,28.8,92,0.0,6.0
2022,6,11,21,26.0,93,21.8,8.0
2022,6,12,0,23.5,96,23.0,10.0
2022,6,12,3,24.0,94,21.0,0.0
2022,6,12,6,28.8,80,0.0,5.0
2022,6,12,9,28.5,80,0.2,8.0
2022,6,12,12,27.0,83,0.2,5.0
2022,6,12,15,26.0,82,0.0,5.0
2022,6,12,18,25.0,86,0.0,5.0
2022,6,12,21,25.5,91,0.0,6.0
2022,6,13,0,26.0,93,0.0,10.0
2022,6,13,3,23.0,95,31.0,5.0
2022,6,13,6,26.0,87,0.0,5.0
2022,6,13,9,29.2,74,0.0,5.0
2022,6,13,12,28.4,80,0.0,8.0
2022,6,13,15,27.0,83,0.0,6.0
2022,6,13,18,25.8,93,1.0,5.0
2022,6,13,21,25.6,91,0.0,4.0
2022,6,14,0,25.8,88,0.0,5.0
2022,6,14,3,26.5,87,0.0,8.0
2022,6,14,6,27.6,82,0.0,1.0
2022,6,14,9,28.0,83,0.0,8.0
2022,6,14,12,27.4,87,0.0,1.0
2022,6,14,15,27.0,87,0.0,1.0
2022,6,14,18,25.0,91,28.0,8.0
2022,6,14,21,25.5,92,10.0,6.0
2022,6,15,0,25.4,93,7.0,0.0
2022,6,15,3,27.2,93,0.0,6.0
2022,6,15,6,30.4,73,0.0,6.0
2022,6,15,9,31.0,77,0.0,5.0
2022,6,15,12,29.0,83,0.0,8.0
2022,6,15,15,27.8,89,0.0,6.0
2022,6,15,18,28.0,92,0.0,5.0
2022,6,15,21,27.4,92,0.0,6.0
2022,6,16,0,26.0,96,24.0,0.0
2022,6,16,3,28.0,92,1.6,0.0
2022,6,16,6,31.0,80,0.0,10.0
2022,6,16,9,33.4,65,0.0,12.0
2022,6,16,12,29.0,92,1.0,5.0
2022,6,16,15,27.2,93,0.0,5.0
2022,6,16,18,26.4,95,0.0,5.0
2022,6,16,21,26.2,95,2.0,5.0
2022,6,17,0,26.0,96,2.0,5.0
2022,6,17,3,26.5,92,2.4,6.0
2022,6,17,6,30.2,79,0.0,8.0
2022,6,17,9,32.5,67,0.0,10.0
2022,6,17,12,30.0,75,0.0,12.0
2022,6,17,15,27.5,88,3.0,12.0
2022,6,17,18,27.0,90,0.0,15.0
2022,6,17,21,26.8,90,0.0,8.0
2022,6,18,0,27.2,90,0.0,6.0
2022,6,18,3,28.5,83,0.0,6.0
2022,6,18,6,31.2,72,0.0,6.0
2022,6,18,9,32.3,68,0.0,5.0
2022,6,18,12,31.4,71,0.0,5.0
2022,6,18,15,29.2,82,1.2,10.0
2022,6,18,18,28.3,88,0.0,12.0
2022,6,18,21,27.2,90,0.0,8.0
2022,6,19,0,26.6,91,0.0,10.0
2022,6,19,3,29.0,77,0.0,10.0
2022,6,19,6,30.2,75,0.0,12.0
2022,6,19,9,32.0,70,0.0,18.0
2022,6,19,12,30.5,77,0.0,6.0
2022,6,19,15,27.0,87,2.0,5.0
2022,6,19,18,26.0,93,28.0,7.0
2022,6,19,21,25.6,93,6.0,0.0
2022,6,20,0,26.0,93,0.0,0.0
2022,6,20,3,28.0,83,0.0,5.0
2022,6,20,6,30.2,75,0.0,5.0
2022,6,20,9,30.5,76,0.0,8.0
2022,6,20,12,30.0,76,0.0,6.0
2022,6,20,15,28.8,83,0.0,5.0
2022,6,20,18,27.5,87,0.0,5.0
2022,6,20,21,26.8,92,0.0,5.0
2022,6,21,0,26.0,93,0.0,5.0
2022,6,21,3,26.0,96,6.0,5.0
2022,6,21,6,28.0,88,2.0,5.0
2022,6,21,9,31.0,69,0.0,0.0
2022,6,21,12,32.0,70,0.0,0.0
2022,6,21,15,28.2,87,0.0,5.0
2022,6,21,18,27.6,89,0.0,5.0
2022,6,21,21,27.0,92,0.0,0.0
2022,6,22,0,26.5,93,0.0,0.0
2022,6,22,3,29.8,78,0.0,5.0
2022,6,22,6,33.0,67,0.0,6.0
2022,6,22,9,33.3,62,0.0,6.0
2022,6,22,12,31.3,71,0.0,6.0
2022,6,22,15,29.0,83,0.0,5.0
2022,6,22,18,28.0,87,0.0,5.0
2022,6,22,21,27.8,90,0.0,0.0
2022,6,23,0,28.0,92,0.0,0.0
2022,6,23,3,30.4,73,0.0,6.0
2022,6,23,6,33.5,65,0.0,6.0
2022,6,23,9,31.2,71,0.0,6.0
2022,6,23,12,31.6,65,0.0,8.0
2022,6,23,15,30.0,80,0.0,0.0
2022,6,23,18,28.7,88,0.0,6.0
2022,6,23,21,28.0,90,0.0,5.0
2022,6,24,0,27.5,92,0.0,6.0
2022,6,24,3,30.5,73,0.0,6.0
2022,6,24,6,33.5,63,0.0,6.0
2022,6,24,9,28.0,74,0.0,6.0
2022,6,24,12,33.2,63,0.0,1.0
2022,6,24,15,29.5,76,0.0,5.0
2022,6,24,18,28.5,83,0.0,6.0
2022,6,24,21,28.2,89,0.0,5.0
2022,6,25,0,27.8,92,0.0,5.0
2022,6,25,3,30.5,77,0.0,6.0
2022,6,25,6,32.2,65,0.0,6.0
2022,6,25,9,34.6,53,0.0,1.0
2022,6,25,12,33.0,64,0.0,8.0
2022,6,25,15,30.0,76,0.0,6.0
2022,6,25,18,28.8,82,0.0,5.0
2022,6,25,21,28.6,83,0.0,4.0
2022,6,26,0,28.6,87,0.0,4.0
2022,6,26,3,31.0,73,0.0,8.0
2022,6,26,6,34.0,57,0.0,8.0
2022,6,26,9,35.5,51,0.0,6.0
2022,6,26,12,33.4,60,0.0,5.0
2022,6,26,15,30.4,84,0.0,6.0
2022,6,26,18,28.4,93,0.0,5.0
2022,6,26,21,28.2,89,0.0,5.0
2022,6,27,0,28.0,90,0.0,5.0
2022,6,27,3,30.4,75,0.0,8.0
2022,6,27,6,32.5,67,0.0,6.0
2022,6,27,9,33.0,64,0.0,0.0
2022,6,27,12,32.3,68,0.0,5.0
2022,6,27,15,30.0,84,0.0,5.0
2022,6,27,18,28.8,80,0.0,5.0
2022,6,27,21,28.2,88,0.0,6.0
2022,6,28,0,28.0,89,0.8,8.0
2022,6,28,3,28.0,92,2.0,5.0
2022,6,28,6,29.2,86,0.2,6.0
2022,6,28,9,29.5,84,0.2,0.0
2022,6,28,12,28.4,93,2.0,0.0
2022,6,28,15,28.0,88,2.2,0.0
2022,6,28,18,27.5,92,1.1,0.0
2022,6,28,21,26.0,93,6.0,6.0
2022,6,29,0,25.4,95,10.0,5.0
2022,6,29,3,26.2,98,10.2,2.0
2022,6,29,6,28.4,93,1.8,0.0
2022,6,29,9,30.6,73,0.4,0.0
2022,6,29,12,29.0,80,0.0,5.0
2022,6,29,15,27.5,88,0.0,5.0
2022,6,29,18,27.0,92,0.0,6.0
2022,6,29,21,27.2,92,0.0,0.0
2022,6,30,0,27.4,92,0.0,4.0
2022,6,30,3,29.5,84,0.0,6.0
2022,6,30,6,32.5,70,0.0,6.0
2022,6,30,9,31.0,73,6.0,5.0
2022,6,30,12,31.5,74,0.0,6.0
2022,6,30,15,29.5,84,0.0,8.0
2022,6,30,18,28.2,89,0.0,6.0
2022,6,30,21,28.0,92,0.0,4.0
2022,7,1,0,28.0,92,0.0,0.0
2022,7,1,3,31.2,79,0.0,5.0
2022,7,1,6,31.0,80,0.0,6.0
2022,7,1,9,29.0,83,20.0,6.0
2022,7,1,12,31.0,73,31.0,5.0
2022,7,1,15,28.5,83,0.0,5.0
2022,7,1,18,27.5,89,0.0,5.0
2022,7,1,21,27.8,92,0.0,0.0
2022,7,2,0,28.0,93,0.0,0.0
2022,7,2,3,30.2,82,0.0,4.0
2022,7,2,6,32.0,75,0.0,6.0
2022,7,2,9,34.6,64,0.0,5.0
2022,7,2,12,31.8,74,0.0,5.0
2022,7,2,15,29.5,80,0.0,0.0
2022,7,2,18,28.4,89,0.0,0.0
2022,7,2,21,28.4,90,0.0,5.0
2022,7,3,0,28.3,89,0.0,7.0
2022,7,3,3,30.5,75,0.0,6.0
2022,7,3,6,32.6,60,0.0,4.0
2022,7,3,9,33.5,65,0.0,5.0
2022,7,3,12,32.5,67,0.0,3.0
2022,7,3,15,30.0,84,0.0,5.0
2022,7,3,18,29.0,90,0.0,5.0
2022,7,3,21,28.4,90,0.0,4.0
2022,7,4,0,28.0,89,0.0,5.0
2022,7,4,3,30.5,75,0.0,6.0
2022,7,4,6,34.0,62,0.0,6.0
2022,7,4,9,35.0,62,1.0,5.0
2022,7,4,12,32.5,70,0.0,5.0
2022,7,4,15,31.0,80,0.0,5.0
2022,7,4,18,29.5,84,0.0,5.0
2022,7,4,21,29.0,90,0.0,4.0
2022,7,5,0,28.5,93,0.0,0.0
2022,7,5,3,33.0,74,0.0,6.0
2022,7,5,6,34.6,59,0.0,5.0
2022,7,5,9,37.0,52,0.0,5.0
2022,7,5,12,34.0,62,0.0,10.0
2022,7,5,15,30.6,81,0.0,5.0
2022,7,5,18,29.5,86,0.0,5.0
2022,7,5,21,29.4,86,0.0,5.0
2022,7,6,0,29.2,87,0.0,5.0
2022,7,6,3,31.8,75,0.0,9.0
2022,7,6,6,33.0,67,0.0,9.0
2022,7,6,9,32.5,64,0.0,6.0
2022,7,6,12,31.0,73,0.0,5.0
2022,7,6,15,29.0,82,0.0,5.0
2022,7,6,18,28.0,87,0.0,5.0
2022,7,6,21,27.5,92,0.0,0.0
2022,7,7,0,27.4,93,0.0,0.0
2022,7,7,3,31.5,70,0.0,5.0
2022,7,7,6,34.2,59,0.0,5.0
2022,7,7,9,35.5,60,0.0,6.0
2022,7,7,12,34.4,60,0.0,0.0
2022,7,7,15,31.0,75,0.0,0.0
2022,7,7,18,30.0,84,0.0,0.0
2022,7,7,21,29.6,84,0.0,0.0
2022,7,8,0,29.2,89,0.0,0.0
2022,7,8,3,31.0,77,0.0,8.0
2022,7,8,6,33.0,67,0.0,6.0
2022,7,8,9,36.0,54,0.0,5.0
2022,7,8,12,33.5,62,0.0,5.0
2022,7,8,15,30.0,80,0.0,0.0
2022,7,8,18,29.0,86,0.0,0.0
2022,7,8,21,28.6,89,0.0,0.0
2022,7,9,0,28.4,92,0.0,0.0
2022,7,9,3,32.0,72,0.0,6.0
2022,7,9,6,34.2,58,0.0,6.0
2022,7,9,9,36.8,51,0.0,5.0
2022,7,9,12,35.5,53,0.0,5.0
2022,7,9,15,31.5,77,0.0,0.0
2022,7,9,18,29.8,81,0.0,0.0
2022,7,9,21,29.2,86,0.0,0.0
2022,7,10,0,29.0,89,0.0,0.0
2022,7,10,3,32.0,72,0.0,8.0
2022,7,10,6,35.0,61,0.0,8.0
2022,7,10,9,37.0,54,0.0,6.0
2022,7,10,12,33.4,64,0.0,5.0
2022,7,10,15,31.0,77,0.0,0.0
2022,7,10,18,29.0,80,0.0,0.0
2022,7,10,21,29.0,90,0.0,0.0
2022,7,11,0,29.0,92,0.0,0.0
2022,7,11,3,31.5,76,0.0,8.0
2022,7,11,6,35.0,58,0.0,8.0
2022,7,11,9,34.0,60,0.0,8.0
2022,7,11,12,32.8,68,0.0,5.0
2022,7,11,15,30.4,85,0.0,0.0
2022,7,11,18,29.0,88,0.0,5.0
2022,7,11,21,28.8,88,0.0,5.0
2022,7,12,0,28.5,88,0.0,5.0
2022,7,12,3,33.0,61,0.0,1.0
2022,7,12,6,36.0,51,0.0,6.0
2022,7,12,9,37.0,49,0.0,6.0
2022,7,12,12,35.0,58,0.0,6.0
2022,7,12,15,32.0,77,0.0,5.0
2022,7,12,18,31.0,84,0.0,0.0
2022,7,12,21,30.0,88,0.0,0.0
2022,7,13,0,29.0,92,0.0,5.0
2022,7,13,3,33.0,62,0.0,8.0
2022,7,13,6,35.5,54,0.0,5.0
2022,7,13,9,37.5,50,0.0,8.0
2022,7,13,12,34.0,65,0.0,5.0
2022,7,13,15,31.5,81,0.0,5.0
2022,7,13,18,30.0,84,0.0,0.0
2022,7,13,21,30.0,84,0.0,0.0
2022,7,14,0,30.0,84,0.0,0.0
2022,7,14,3,33.8,60,0.0,6.0
2022,7,14,6,36.0,56,0.0,6.0
2022,7,14,9,37.2,48,0.0,6.0
2022,7,14,12,34.2,63,0.0,5.0
2022,7,14,15,32.5,78,0.0,0.0
2022,7,14,18,31.0,84,0.0,0.0
2022,7,14,21,30.2,86,0.0,0.0
2022,7,15,0,29.5,87,0.0,0.0
2022,7,15,3,32.4,67,0.0,0.0
2022,7,15,6,38.0,50,0.0,6.0
2022,7,15,9,38.0,47,0.0,6.0
2022,7,15,12,36.4,56,0.0,5.0
2022,7,15,15,33.0,74,0.0,0.0
2022,7,15,18,32.2,79,0.0,0.0
2022,7,15,21,30.0,81,0.0,5.0
2022,7,16,0,29.4,82,0.0,5.0
2022,7,16,3,32.6,61,0.0,10.0
2022,7,16,6,35.2,54,0.0,6.0
2022,7,16,9,37.5,47,0.0,6.0
2022,7,16,12,35.0,59,0.0,5.0
2022,7,16,15,32.5,74,0.0,5.0
2022,7,16,18,31.0,80,0.0,5.0
2022,7,16,21,30.2,82,0.0,5.0
2022,7,17,0,29.0,80,0.0,8.0
2022,7,17,3,33.5,62,0.0,8.0
2022,7,17,6,35.0,55,0.0,8.0
2022,7,17,9,36.0,54,0.0,5.0
2022,7,17,12,35.0,56,0.0,5.0
2022,7,17,15,31.0,77,0.0,0.0
2022,7,17,18,29.0,83,0.0,5.0
2022,7,17,21,28.4,85,0.0,4.0
2022,7,18,0,28.6,86,0.0,0.0
2022,7,18,3,32.0,65,0.0,6.0
2022,7,18,6,33.8,58,0.0,5.0
2022,7,18,9,36.2,54,0.0,5.0
2022,7,18,12,35.0,53,0.0,6.0
2022,7,18,15,32.0,70,0.0,5.0
2022,7,18,18,29.5,80,0.0,6.0
2022,7,18,21,28.6,87,0.0,0.0
2022,7,19,0,28.2,89,0.0,0.0
2022,7,19,3,31.0,73,0.0,6.0
2022,7,19,6,35.0,56,0.0,4.0
2022,7,19,9,36.6,51,0.0,10.0
2022,7,19,12,31.6,73,0.8,6.0
2022,7,19,15,30.2,82,0.0,5.0
2022,7,19,18,28.6,87,0.0,0.0
2022,7,19,21,28.8,89,0.0,0.0
2022,7,20,0,29.0,92,0.0,0.0
2022,7,20,3,30.0,84,0.0,5.0
2022,7,20,6,34.0,65,0.0,4.0
2022,7,20,9,34.0,67,0.0,10.0
2022,7,20,12,29.0,88,1.5,5.0
2022,7,20,15,28.0,92,0.0,0.0
2022,7,20,18,27.0,92,0.0,0.0
2022,7,20,21,27.5,92,0.0,0.0
2022,7,21,0,28.2,92,0.0,6.0
2022,7,21,3,30.0,84,0.0,6.0
2022,7,21,6,32.7,69,0.0,6.0
2022,7,21,9,32.5,67,0.0,5.0
2022,7,21,12,32.0,70,0.0,5.0
2022,7,21,15,29.5,80,0.0,5.0
2022,7,21,18,28.5,88,0.0,6.0
2022,7,21,21,28.8,87,0.0,0.0
2022,7,22,0,28.6,89,0.0,5.0
2022,7,22,3,30.5,80,0.0,5.0
2022,7,22,6,33.5,68,0.0,8.0
2022,7,22,9,35.0,59,0.0,1.0
2022,7,22,12,27.0,92,13.0,5.0
2022,7,22,15,26.5,89,1.0,0.0
2022,7,22,18,25.5,91,0.0,5.0
2022,7,22,21,26.8,86,0.0,4.0
2022,7,23,0,27.5,88,0.0,5.0
2022,7,23,3,32.5,70,0.0,6.0
2022,7,23,6,34.8,61,0.0,8.0
2022,7,23,9,36.0,55,0.0,7.0
2022,7,23,12,29.5,84,0.0,8.0
2022,7,23,15,27.6,95,0.1,6.0
2022,7,23,18,27.8,93,0.0,5.0
2022,7,23,21,26.8,98,1.5,0.0
2022,7,24,0,26.0,98,3.0,0.0
2022,7,24,3,27.0,96,3.2,4.0
2022,7,24,6,28.0,88,2.8,0.0
2022,7,24,9,31.0,77,0.0,5.0
2022,7,24,12,28.0,88,8.0,8.0
2022,7,24,15,27.2,90,0.0,5.0
2022,7,24,18,27.5,87,0.0,5.0
2022,7,24,21,26.8,90,0.0,0.0
2022,7,25,0,27.0,92,0.0,0.0
2022,7,25,3,29.0,83,0.0,6.0
2022,7,25,6,29.0,83,0.0,8.0
2022,7,25,9,31.4,73,0.0,8.0
2022,7,25,12,30.0,76,0.0,0.0
2022,7,25,15,28.2,81,0.2,0.0
2022,7,25,18,27.5,92,0.8,0.0
2022,7,25,21,27.0,92,0.0,0.0
2022,7,26,0,27.2,93,0.0,0.0
2022,7,26,3,26.5,96,2.4,5.0
2022,7,26,6,28.0,88,0.4,5.0
2022,7,26,9,30.5,75,0.0,6.0
2022,7,26,12,29.5,80,0.0,5.0
2022,7,26,15,28.0,86,0.0,0.0
2022,7,26,18,26.5,93,0.0,0.0
2022,7,26,21,26.0,91,0.0,0.0
2022,7,27,0,27.0,92,0.0,0.0
2022,7,27,3,30.0,78,0.0,8.0
2022,7,27,6,34.0,62,0.0,6.0
2022,7,27,9,30.0,80,0.0,8.0
2022,7,27,12,30.2,79,0.0,5.0
2022,7,27,15,29.0,83,0.0,5.0
2022,7,27,18,28.2,85,0.0,0.0
2022,7,27,21,28.0,93,0.0,0.0
2022,7,28,0,27.5,96,0.0,0.0
2022,7,28,3,29.4,83,0.4,0.0
2022,7,28,6,31.5,77,0.0,8.0
2022,7,28,9,33.5,67,0.0,8.0
2022,7,28,12,31.5,74,0.0,6.0
2022,7,28,15,29.2,83,0.0,5.0
2022,7,28,18,28.0,87,0.0,5.0
2022,7,28,21,27.4,88,0.0,0.0
2022,7,29,0,27.0,88,0.0,5.0
2022,7,29,3,28.6,83,0.0,0.0
2022,7,29,6,33.0,65,0.0,5.0
2022,7,29,9,34.5,63,0.0,5.0
2022,7,29,12,29.5,84,1.2,5.0
2022,7,29,15,28.0,92,5.6,0.0
2022,7,29,18,27.3,93,0.0,0.0
2022,7,29,21,27.2,93,2.0,0.0
2022,7,30,0,27.0,93,0.6,0.0
2022,7,30,3,29.0,88,0.0,5.0
2022,7,30,6,32.8,72,0.0,6.0
2022,7,30,9,32.0,76,0.4,5.0
2022,7,30,12,30.0,86,0.6,5.0
2022,7,30,15,28.0,90,3.5,5.0
2022,7,30,18,27.5,92,3.0,0.0
2022,7,30,21,26.4,93,0.0,0.0
2022,7,31,0,26.0,93,6.9,0.0
2022,7,31,3,26.4,97,5.2,2.0
2022,7,31,6,27.2,92,2.0,6.0
2022,7,31,9,29.0,87,1.0,5.0
2022,7,31,12,29.5,88,0.0,6.0
2022,7,31,15,28.0,87,0.0,0.0
2022,7,31,18,27.5,89,0.0,0.0
2022,7,31,21,27.0,92,1.0,6.0
2022,8,1,0,26.5,92,0.0,10.0
2022,8,1,3,26.4,88,0.0,10.0
2022,8,1,6,29.0,82,0.0,8.0
2022,8,1,9,29.5,80,0.0,8.0
2022,8,1,12,29.5,80,0.0,5.0
2022,8,1,15,28.5,88,0.0,5.0
2022,8,1,18,27.8,90,0.0,5.0
2022,8,1,21,27.2,92,0.0,5.0
2022,8,2,0,27.0,92,0.0,6.0
2022,8,2,3,28.5,83,0.0,6.0
2022,8,2,6,32.4,71,0.0,5.0
2022,8,2,9,34.0,65,0.0,5.0
2022,8,2,12,31.4,74,0.0,0.0
2022,8,2,15,29.0,83,0.0,0.0
2022,8,2,18,28.5,88,0.0,0.0
2022,8,2,21,28.2,90,0.0,0.0
2022,8,3,0,28.5,92,0.0,0.0
2022,8,3,3,31.2,72,0.0,5.0
2022,8,3,6,33.8,65,0.0,6.0
2022,8,3,9,30.5,84,4.0,6.0
2022,8,3,12,30.0,82,1.0,22.0
2022,8,3,15,27.5,90,21.0,0.0
2022,8,3,18,26.5,93,1.5,0.0
2022,8,3,21,27.2,93,0.0,0.0
2022,8,4,0,27.6,95,0.0,0.0
2022,8,4,3,29.5,92,0.0,5.0
2022,8,4,6,31.5,76,0.0,5.0
2022,8,4,9,28.0,89,20.0,5.0
2022,8,4,12,31.5,78,4.0,5.0
2022,8,4,15,28.6,87,5.0,0.0
2022,8,4,18,28.0,89,5.0,0.0
2022,8,4,21,27.8,93,0.0,0.0
2022,8,5,0,27.5,96,0.0,0.0
2022,8,5,3,31.0,80,0.0,5.0
2022,8,5,6,34.0,68,0.0,6.0
2022,8,5,9,35.8,54,0.0,6.0
2022,8,5,12,33.8,63,0.0,5.0
2022,8,5,15,30.6,84,0.0,0.0
2022,8,5,18,29.6,86,0.0,0.0
2022,8,5,21,28.6,88,0.0,0.0
2022,8,6,0,27.5,92,4.0,5.0
2022,8,6,3,27.8,93,0.2,4.0
2022,8,6,6,28.2,92,3.6,5.0
2022,8,6,9,30.5,77,0.0,5.0
2022,8,6,12,30.0,76,0.0,0.0
2022,8,6,15,28.2,89,0.0,0.0
2022,8,6,18,27.6,91,0.0,0.0
2022,8,6,21,27.8,92,0.0,0.0
2022,8,7,0,28.0,93,0.0,0.0
2022,8,7,3,32.0,70,0.0,6.0
2022,8,7,6,35.0,59,0.0,5.0
2022,8,7,9,36.0,60,0.0,5.0
2022,8,7,12,34.2,63,0.0,6.0
2022,8,7,15,31.0,81,0.0,5.0
2022,8,7,18,30.0,86,0.0,0.0
2022,8,7,21,29.2,90,0.0,0.0
2022,8,8,0,29.8,92,0.0,5.0
2022,8,8,3,29.5,88,2.0,5.0
2022,8,8,6,32.8,67,0.0,8.0
2022,8,8,9,35.4,60,0.0,8.0
2022,8,8,12,33.2,69,0.0,6.0
2022,8,8,15,29.0,83,2.0,5.0
2022,8,8,18,27.8,89,0.0,5.0
2022,8,8,21,28.0,88,0.0,6.0
2022,8,9,0,28.0,88,0.0,1.0
2022,8,9,3,31.5,66,0.0,1.0
2022,8,9,6,35.0,50,0.0,1.0
2022,8,9,9,35.0,53,0.0,1.0
2022,8,9,12,32.5,61,0.0,1.0
2022,8,9,15,30.0,73,0.0,6.0
2022,8,9,18,29.0,80,0.0,5.0
2022,8,9,21,28.6,83,0.0,5.0
2022,8,10,0,28.4,80,0.0,8.0
2022,8,10,3,29.5,76,0.0,1.0
2022,8,10,6,31.0,66,0.0,1.0
2022,8,10,9,33.0,64,0.0,1.0
2022,8,10,12,31.4,69,0.0,8.0
2022,8,10,15,29.0,76,0.0,5.0
2022,8,10,18,28.0,83,0.0,6.0
2022,8,10,21,27.4,79,0.0,5.0
2022,8,11,0,27.6,78,0.0,8.0
2022,8,11,3,31.0,66,0.0,1.0
2022,8,11,6,34.5,53,0.0,1.0
2022,8,11,9,35.5,48,0.0,1.0
2022,8,11,12,33.0,57,0.0,8.0
2022,8,11,15,30.2,75,0.0,5.0
2022,8,11,18,29.0,83,0.0,5.0
2022,8,11,21,28.0,88,0.0,0.0
2022,8,12,0,27.0,100,0.0,0.0
2022,8,12,3,31.5,70,0.0,5.0
2022,8,12,6,34.0,65,0.0,6.0
2022,8,12,9,35.0,53,0.0,6.0
2022,8,12,12,32.8,68,0.0,5.0
2022,8,12,15,30.0,84,0.0,0.0
2022,8,12,18,28.8,89,0.0,0.0
2022,8,12,21,28.4,92,0.0,0.0
2022,8,13,0,28.2,93,0.0,5.0
2022,8,13,3,32.5,70,0.0,6.0
2022,8,13,6,34.0,65,0.0,6.0
2022,8,13,9,35.2,55,0.0,5.0
2022,8,13,12,28.0,92,3.0,6.0
2022,8,13,15,27.8,93,3.0,6.0
2022,8,13,18,28.0,95,0.0,6.0
2022,8,13,21,27.6,92,0.0,6.0
2022,8,14,0,27.0,92,4.4,5.0
2022,8,14,3,30.2,71,0.0,8.0
2022,8,14,6,32.2,67,0.0,8.0
2022,8,14,9,34.8,57,0.0,1.0
2022,8,14,12,29.0,76,4.0,8.0
2022,8,14,15,28.0,83,0.0,6.0
2022,8,14,18,27.5,88,0.0,7.0
2022,8,14,21,27.3,87,0.0,5.0
2022,8,15,0,28.0,87,0.0,5.0
2022,8,15,3,29.6,80,0.0,6.0
2022,8,15,6,33.5,65,0.0,8.0
2022,8,15,9,34.2,58,0.0,5.0
2022,8,15,12,30.4,75,0.0,4.0
2022,8,15,15,29.0,83,0.0,5.0
2022,8,15,18,28.2,86,0.0,4.0
2022,8,15,21,28.0,89,0.0,4.0
2022,8,16,0,27.8,90,0.0,5.0
2022,8,16,3,30.0,79,0.0,6.0
2022,8,16,6,33.5,63,0.0,5.0
2022,8,16,9,35.8,53,0.0,5.0
2022,8,16,12,32.6,65,0.0,8.0
2022,8,16,15,29.8,84,0.0,0.0
2022,8,16,18,28.8,87,0.0,0.0
2022,8,16,21,28.5,90,0.0,0.0
2022,8,17,0,28.0,93,0.0,0.0
2022,8,17,3,33.0,70,0.0,0.0
2022,8,17,6,35.8,64,0.0,6.0
2022,8,17,9,37.0,49,0.0,6.0
2022,8,17,12,35.0,59,0.0,6.0
2022,8,17,15,30.8,83,0.0,0.0
2022,8,17,18,29.8,87,0.0,0.0
2022,8,17,21,29.4,89,0.0,0.0
2022,8,18,0,29.0,90,0.0,0.0
2022,8,18,3,34.0,68,0.0,5.0
2022,8,18,6,35.2,64,0.0,2.0
2022,8,18,9,36.8,57,0.0,0.0
2022,8,18,12,34.0,68,0.0,5.0
2022,8,18,15,31.5,84,0.0,0.0
2022,8,18,18,30.0,90,1.0,6.0
2022,8,18,21,28.5,92,9.0,6.0
2022,8,19,0,26.5,92,9.4,6.0
2022,8,19,3,31.2,72,2.0,6.0
2022,8,19,6,33.4,70,0.0,1.0
2022,8,19,9,35.5,60,0.0,4.0
2022,8,19,12,32.0,68,0.0,5.0
2022,8,19,15,30.5,84,0.0,5.0
2022,8,19,18,29.5,88,0.0,5.0
2022,8,19,21,29.0,88,0.0,5.0
2022,8,20,0,28.0,83,0.0,8.0
2022,8,20,3,29.4,80,0.0,1.0
2022,8,20,6,33.5,62,0.0,1.0
2022,8,20,9,34.3,56,0.0,8.0
2022,8,20,12,31.3,71,0.0,3.0
2022,8,20,15,29.5,80,0.0,5.0
2022,8,20,18,29.0,83,0.0,6.0
2022,8,20,21,28.0,88,0.0,0.0
2022,8,21,0,27.4,92,0.0,0.0
2022,8,21,3,32.0,70,0.0,5.0
2022,8,21,6,34.0,62,0.0,8.0
2022,8,21,9,34.6,55,0.0,6.0
2022,8,21,12,32.8,63,0.0,5.0
2022,8,21,15,29.8,84,0.0,5.0
2022,8,21,18,28.8,88,0.0,5.0
2022,8,21,21,28.5,88,0.0,0.0
2022,8,22,0,28.4,90,0.0,0.0
2022,8,22,3,31.5,77,0.0,5.0
2022,8,22,6,34.6,62,0.0,8.0
2022,8,22,9,36.0,58,0.0,8.0
2022,8,22,12,30.0,76,0.0,0.0
2022,8,22,15,29.5,87,0.0,0.0
2022,8,22,18,28.5,92,0.0,0.0
2022,8,22,21,28.6,92,0.0,0.0
2022,8,23,0,29.2,94,0.0,0.0
2022,8,23,3,29.0,92,0.8,5.0
2022,8,23,6,29.5,84,12.2,5.0
2022,8,23,9,31.0,69,3.4,6.0
2022,8,23,12,27.0,92,0.2,6.0
2022,8,23,15,27.0,92,0.0,0.0
2022,8,23,18,27.0,92,0.0,0.0
2022,8,23,21,27.2,93,0.0,0.0
2022,8,24,0,27.5,93,2.2,0.0
2022,8,24,3,32.0,73,0.0,5.0
2022,8,24,6,33.5,65,0.0,6.0
2022,8,24,9,34.5,59,0.0,5.0
2022,8,24,12,33.3,62,0.0,6.0
2022,8,24,15,29.5,84,0.0,5.0
2022,8,24,18,28.0,92,0.0,7.0
2022,8,24,21,27.8,90,0.0,4.0
2022,8,25,0,27.5,92,0.0,0.0
2022,8,25,3,30.5,77,0.0,6.0
2022,8,25,6,32.7,66,0.0,10.0
2022,8,25,9,34.5,62,0.0,0.0
2022,8,25,12,32.0,70,0.0,0.0
2022,8,25,15,29.0,86,0.0,0.0
2022,8,25,18,28.2,90,0.0,0.0
2022,8,25,21,28.0,92,0.0,0.0
2022,8,26,0,27.7,93,0.0,0.0
2022,8,26,3,32.0,74,0.0,5.0
2022,8,26,6,35.0,62,0.0,5.0
2022,8,26,9,35.6,62,0.0,5.0
2022,8,26,12,33.4,67,0.0,5.0
2022,8,26,15,31.0,80,0.0,6.0
2022,8,26,18,30.0,86,0.0,5.0
2022,8,26,21,29.5,84,0.0,4.0
2022,8,27,0,27.7,93,0.0,5.0
2022,8,27,3,31.0,80,0.0,6.0
2022,8,27,6,35.0,65,0.0,6.0
2022,8,27,9,34.0,71,0.0,5.0
2022,8,27,12,27.5,93,18.0,10.0
2022,8,27,15,27.0,92,3.0,6.0
2022,8,27,18,26.6,92,4.0,5.0
2022,8,27,21,26.2,93,14.0,5.0
2022,8,28,0,26.0,96,3.6,5.0
2022,8,28,3,27.0,92,0.5,5.0
2022,8,28,6,32.0,77,3.0,5.0
2022,8,28,9,30.0,82,1.0,5.0
2022,8,28,12,29.8,86,0.0,5.0
2022,8,28,15,27.6,89,0.4,5.0
2022,8,28,18,27.2,90,0.0,5.0
2022,8,28,21,27.2,93,0.0,5.0
2022,8,29,0,27.5,93,0.0,6.0
2022,8,29,3,30.0,81,0.0,8.0
2022,8,29,6,33.5,62,0.0,4.0
2022,8,29,9,31.0,77,0.0,5.0
2022,8,29,12,29.0,88,0.0,0.0
2022,8,29,15,28.4,90,0.0,0.0
2022,8,29,18,28.0,92,0.0,0.0
2022,8,29,21,27.5,92,0.0,0.0
2022,8,30,0,27.0,92,0.0,0.0
2022,8,30,3,28.2,86,0.0,0.0
2022,8,30,6,30.0,80,0.0,0.0
2022,8,30,9,32.0,70,0.0,5.0
2022,8,30,12,30.0,76,0.0,0.0
2022,8,30,15,29.0,92,0.0,0.0
2022,8,30,18,27.8,93,0.0,5.0
2022,8,30,21,27.4,93,6.0,5.0
2022,8,31,0,28.4,95,0.0,0.0
2022,8,31,3,28.0,92,0.0,0.0
2022,8,31,6,27.5,93,3.8,0.0
2022,8,31,9,29.0,86,2.0,0.0
2022,8,31,12,29.6,86,0.0,0.0
2022,8,31,15,28.0,90,0.0,5.0
2022,8,31,18,27.6,93,0.0,5.0
2022,8,31,21,27.8,92,0.0,4.0
2022,9,1,0,28.0,92,0.0,5.0
2022,9,1,3,29.5,84,0.0,6.0
2022,9,1,6,31.0,77,0.0,5.0
2022,9,1,9,31.0,77,0.0,5.0
2022,9,1,12,30.0,80,0.0,0.0
2022,9,1,15,29.0,88,0.0,0.0
2022,9,1,18,28.0,93,0.0,0.0
2022,9,1,21,26.6,95,65.0,0.0
2022,9,2,0,26.4,95,2.0,0.0
2022,9,2,3,28.0,92,0.0,5.0
2022,9,2,6,33.0,70,0.0,6.0
2022,9,2,9,28.2,90,24.0,5.0
2022,9,2,12,30.0,84,0.0,5.0
2022,9,2,15,28.5,90,0.0,5.0
2022,9,2,18,27.8,93,0.0,5.0
2022,9,2,21,27.6,93,0.0,5.0
2022,9,3,0,27.5,93,0.0,6.0
2022,9,3,3,29.5,84,0.0,6.0
2022,9,3,6,33.5,65,0.0,6.0
2022,9,3,9,33.5,65,6.2,0.0
2022,9,3,12,28.7,82,0.0,0.0
2022,9,3,15,27.7,90,0.0,0.0
2022,9,3,18,27.0,93,0.0,5.0
2022,9,3,21,27.4,93,0.0,0.0
2022,9,4,0,27.8,93,0.0,0.0
2022,9,4,3,29.0,88,0.0,8.0
2022,9,4,6,32.5,70,0.0,6.0
2022,9,4,9,33.0,64,0.0,8.0
2022,9,4,12,31.8,72,0.0,6.0
2022,9,4,15,29.5,88,0.0,6.0
2022,9,4,18,28.5,85,0.0,6.0
2022,9,4,21,26.6,93,40.0,8.0
2022,9,5,0,26.0,91,6.4,0.0
2022,9,5,3,29.0,83,0.2,0.0
2022,9,5,6,33.0,64,0.0,5.0
2022,9,5,9,34.0,65,0.0,0.0
2022,9,5,12,30.8,80,0.2,10.0
2022,9,5,15,28.0,92,1.0,0.0
2022,9,5,18,27.4,93,0.0,0.0
2022,9,5,21,27.4,95,0.0,0.0
2022,9,6,0,27.5,93,0.0,0.0
2022,9,6,3,29.0,83,0.0,5.0
2022,9,6,6,31.5,74,0.0,4.0
2022,9,6,9,32.0,74,0.0,0.0
2022,9,6,12,31.0,80,0.0,6.0
2022,9,6,15,27.5,92,4.4,0.0
2022,9,6,18,27.0,93,0.0,0.0
2022,9,6,21,27.5,96,0.0,0.0
2022,9,7,0,27.5,96,0.0,0.0
2022,9,7,3,31.0,80,0.0,5.0
2022,9,7,6,34.0,68,0.0,6.0
2022,9,7,9,33.8,69,0.0,6.0
2022,9,7,12,32.0,76,0.0,5.0
2022,9,7,15,29.5,88,0.0,5.0
2022,9,7,18,28.4,90,0.0,5.0
2022,9,7,21,28.2,92,0.0,6.0
2022,9,8,0,28.0,92,0.0,6.0
2022,9,8,3,32.2,73,0.0,8.0
2022,9,8,6,35.5,60,0.0,6.0
2022,9,8,9,33.0,70,0.0,6.0
2022,9,8,12,28.5,88,2.0,5.0
2022,9,8,15,28.0,90,0.0,0.0
2022,9,8,18,27.5,90,0.0,0.0
2022,9,8,21,27.6,92,0.0,0.0
2022,9,9,0,28.0,92,0.0,4.0
2022,9,9,3,31.5,82,0.0,8.0
2022,9,9,6,34.0,62,0.0,1.0
2022,9,9,9,34.8,57,0.0,8.0
2022,9,9,12,31.0,73,0.0,6.0
2022,9,9,15,28.2,81,0.0,6.0
2022,9,9,18,28.0,83,0.0,5.0
2022,9,9,21,27.6,85,0.0,4.0
2022,9,10,0,27.2,88,0.0,5.0
2022,9,10,3,30.5,77,0.0,9.0
2022,9,10,6,34.0,58,0.0,1.0
2022,9,10,9,35.0,56,0.0,8.0
2022,9,10,12,32.0,74,0.0,6.0
2022,9,10,15,29.0,86,0.0,5.0
2022,9,10,18,28.4,89,0.0,5.0
2022,9,10,21,27.5,92,0.0,0.0
2022,9,11,0,27.0,96,2.0,0.0
2022,9,11,3,30.5,77,0.0,8.0
2022,9,11,6,32.5,64,0.0,8.0
2022,9,11,9,29.0,83,0.2,6.0
2022,9,11,12,29.8,78,0.0,6.0
2022,9,11,15,27.8,81,0.0,5.0
2022,9,11,18,27.2,85,0.0,5.0
2022,9,11,21,26.8,89,0.0,5.0
2022,9,12,0,26.5,92,0.0,6.0
2022,9,12,3,29.5,80,0.0,1.0
2022,9,12,6,30.8,73,0.0,1.0
2022,9,12,9,29.5,80,4.4,5.0
2022,9,12,12,26.4,91,21.4,6.0
2022,9,12,15,26.0,91,2.0,5.0
2022,9,12,18,26.0,91,0.0,6.0
2022,9,12,21,26.0,91,0.0,6.0
2022,9,13,0,26.0,91,0.0,8.0
2022,9,13,3,28.5,85,0.0,5.0
2022,9,13,6,28.5,88,0.2,8.0
2022,9,13,9,28.2,90,4.0,8.0
2022,9,13,12,26.2,91,2.0,8.0
2022,9,13,15,26.6,89,0.0,6.0
2022,9,13,18,26.0,91,2.0,6.0
2022,9,13,21,26.2,93,2.6,6.0
2022,9,14,0,26.4,93,1.4,5.0
2022,9,14,3,28.0,83,0.2,5.0
2022,9,14,6,27.0,95,42.0,8.0
2022,9,14,9,27.5,93,3.0,0.0
2022,9,14,12,26.5,89,0.2,0.0
2022,9,14,15,25.6,90,0.0,0.0
2022,9,14,18,25.0,95,0.0,5.0
2022,9,14,21,26.0,93,0.0,4.0
2022,9,15,0,26.5,93,0.0,5.0
2022,9,15,3,28.0,88,0.0,4.0
2022,9,15,6,30.4,81,0.0,0.0
2022,9,15,9,29.5,80,1.0,8.0
2022,9,15,12,27.0,87,0.2,0.0
2022,9,15,15,26.4,92,0.0,0.0
2022,9,15,18,25.8,93,0.0,0.0
2022,9,15,21,25.7,93,0.0,6.0
2022,9,16,0,26.0,95,0.0,6.0
2022,9,16,3,28.0,87,0.0,6.0
2022,9,16,6,30.5,73,0.0,6.0
2022,9,16,9,32.2,69,0.0,10.0
2022,9,16,12,30.0,76,0.0,5.0
2022,9,16,15,28.8,92,0.0,5.0
2022,9,16,18,28.0,95,0.0,6.0
2022,9,16,21,27.8,92,0.0,5.0
2022,9,17,0,27.6,91,0.0,5.0
2022,9,17,3,28.0,81,0.0,10.0
2022,9,17,6,32.0,72,0.0,0.0
2022,9,17,9,29.2,83,2.0,5.0
2022,9,17,12,29.0,83,0.0,0.0
2022,9,17,15,27.8,89,0.0,5.0
2022,9,17,18,27.2,92,0.0,5.0
2022,9,17,21,27.0,95,0.0,0.0
2022,9,18,0,27.0,97,0.0,0.0
2022,9,18,3,31.5,78,0.0,6.0
2022,9,18,6,34.0,65,0.0,6.0
2022,9,18,9,34.0,65,0.0,6.0
2022,9,18,12,31.5,77,0.0,0.0
2022,9,18,15,29.5,88,0.0,0.0
2022,9,18,18,28.5,94,0.0,0.0
2022,9,18,21,29.0,93,0.0,0.0
2022,9,19,0,28.8,94,0.0,0.0
2022,9,19,3,30.0,87,0.0,5.0
2022,9,19,6,32.0,77,0.0,6.0
2022,9,19,9,33.8,63,0.0,0.0
2022,9,19,12,31.0,80,0.0,0.0
2022,9,19,15,29.0,92,0.0,0.0
2022,9,19,18,28.3,93,0.0,0.0
2022,9,19,21,28.2,91,0.0,0.0
2022,9,20,0,27.8,92,0.0,5.0
2022,9,20,3,30.0,78,0.0,8.0
2022,9,20,6,33.2,63,0.0,6.0
2022,9,20,9,35.0,54,0.0,6.0
2022,9,20,12,31.0,73,0.0,5.0
2022,9,20,15,29.2,82,0.0,5.0
2022,9,20,18,28.1,88,0.0,5.0
2022,9,20,21,27.4,90,0.0,5.0
2022,9,21,0,27.0,92,0.0,5.0
2022,9,21,3,30.0,76,0.0,1.0
2022,9,21,6,32.0,70,0.0,8.0
2022,9,21,9,35.0,59,0.0,8.0
2022,9,21,12,32.0,70,0.0,5.0
2022,9,21,15,29.2,86,0.0,5.0
2022,9,21,18,28.0,90,0.0,5.0
2022,9,21,21,27.8,91,0.0,4.0
2022,9,22,0,28.0,92,0.0,0.0
2022,9,22,3,30.0,84,0.0,4.0
2022,9,22,6,33.5,68,0.0,8.0
2022,9,22,9,34.0,62,0.0,10.0
2022,9,22,12,31.0,80,0.0,5.0
2022,9,22,15,29.0,88,0.0,0.0
2022,9,22,18,28.4,90,0.0,0.0
2022,9,22,21,28.2,90,0.0,0.0
2022,9,23,0,28.0,92,0.0,5.0
2022,9,23,3,29.6,83,0.0,5.0
2022,9,23,6,31.5,70,0.0,5.0
2022,9,23,9,32.5,70,0.0,6.0
2022,9,23,12,30.0,80,0.0,0.0
2022,9,23,15,28.6,87,0.0,5.0
2022,9,23,18,27.4,92,0.0,5.0
2022,9,23,21,27.4,92,0.0,4.0
2022,9,24,0,27.2,92,0.0,0.0
2022,9,24,3,29.4,85,0.0,6.0
2022,9,24,6,33.0,67,0.0,6.0
2022,9,24,9,34.0,65,0.0,8.0
2022,9,24,12,30.8,78,0.0,5.0
2022,9,24,15,28.5,88,0.0,5.0
2022,9,24,18,28.0,92,0.0,7.0
2022,9,24,21,27.0,91,0.0,5.0
2022,9,25,0,24.8,93,4.0,8.0
2022,9,25,3,26.0,91,0.0,6.0
2022,9,25,6,30.0,79,0.0,8.0
2022,9,25,9,31.0,73,0.0,0.0
2022,9,25,12,29.4,83,0.0,0.0
2022,9,25,15,27.5,92,0.0,5.0
2022,9,25,18,26.8,92,0.0,5.0
2022,9,25,21,26.5,92,0.0,4.0
2022,9,26,0,26.2,91,0.0,0.0
2022,9,26,3,29.5,76,0.0,5.0
2022,9,26,6,33.6,61,0.0,5.0
2022,9,26,9,33.0,64,0.0,0.0
2022,9,26,12,31.0,73,0.0,0.0
2022,9,26,15,27.8,89,0.0,6.0
2022,9,26,18,26.5,93,0.0,5.0
2022,9,26,21,26.8,92,0.0,0.0
2022,9,27,0,26.4,92,0.0,0.0
2022,9,27,3,30.2,75,0.0,0.0
2022,9,27,6,33.0,64,0.0,0.0
2022,9,27,9,32.2,70,0.0,1.0
2022,9,27,12,29.5,80,0.0,5.0
2022,9,27,15,28.0,85,0.0,5.0
2022,9,27,18,27.3,87,0.0,5.0
2022,9,27,21,26.6,92,0.0,0.0
2022,9,28,0,26.2,93,0.0,0.0
2022,9,28,3,29.0,88,1.4,0.0
2022,9,28,6,33.0,70,0.0,6.0
2022,9,28,9,35.0,59,0.0,4.0
2022,9,28,12,30.0,80,0.0,5.0
2022,9,28,15,27.4,92,0.0,0.0
2022,9,28,18,26.4,92,0.0,0.0
2022,9,28,21,26.3,91,0.0,0.0
2022,9,29,0,26.5,92,0.0,0.0
2022,9,29,3,28.0,79,0.0,6.0
2022,9,29,6,31.2,69,0.0,6.0
2022,9,29,9,32.0,74,0.0,5.0
2022,9,29,12,29.3,81,0.0,0.0
2022,9,29,15,27.2,90,0.0,0.0
2022,9,29,18,26.3,93,0.0,0.0
2022,9,29,21,26.2,92,0.0,0.0
2022,9,30,0,26.6,93,0.0,0.0
2022,9,30,3,31.2,75,0.0,5.0
2022,9,30,6,35.0,59,0.0,6.0
2022,9,30,9,35.0,59,0.0,0.0
2022,9,30,12,32.0,74,0.0,5.0
2022,9,30,15,29.0,88,0.0,0.0
2022,9,30,18,28.0,90,0.0,0.0
2022,9,30,21,27.4,92,0.0,0.0
2022,10,1,0,27.0,93,0.0,0.0
2022,10,1,3,32.2,69,0.0,0.0
2022,10,1,6,35.2,61,0.0,4.0
2022,10,1,9,35.8,61,0.0,5.0
2022,10,1,12,32.0,73,0.0,0.0
2022,10,1,15,29.0,90,0.0,0.0
2022,10,1,18,28.0,93,0.0,0.0
2022,10,1,21,27.8,92,0.0,0.0
2022,10,2,0,27.2,93,0.0,0.0
2022,10,2,3,30.2,82,0.0,5.0
2022,10,2,6,32.5,64,0.0,4.0
2022,10,2,9,32.2,73,0.0,8.0
2022,10,2,12,30.0,81,0.0,5.0
2022,10,2,15,28.2,90,0.0,0.0
2022,10,2,18,27.5,93,0.0,0.0
2022,10,2,21,27.2,92,0.0,0.0
2022,10,3,0,27.0,92,0.0,0.0
2022,10,3,3,29.0,80,0.0,1.0
2022,10,3,6,29.2,77,0.0,8.0
2022,10,3,9,31.0,68,0.0,6.0
2022,10,3,12,28.0,83,0.0,8.0
2022,10,3,15,27.0,92,0.0,6.0
2022,10,3,18,26.4,93,0.0,5.0
2022,10,3,21,25.8,93,5.0,5.0
2022,10,4,0,26.0,93,0.0,5.0
2022,10,4,3,28.2,86,0.0,1.0
2022,10,4,6,28.5,83,21.4,8.0
2022,10,4,9,31.5,70,0.0,8.0
2022,10,4,12,29.5,80,0.0,0.0
2022,10,4,15,27.0,95,4.0,6.0
2022,10,4,18,26.6,93,1.0,5.0
2022,10,4,21,26.2,93,0.0,0.0
2022,10,5,0,25.8,93,0.0,0.0
2022,10,5,3,29.0,80,0.0,5.0
2022,10,5,6,31.4,71,0.0,6.0
2022,10,5,9,32.2,70,0.0,5.0
2022,10,5,12,30.0,78,0.0,0.0
2022,10,5,15,28.5,88,0.0,0.0
2022,10,5,18,27.8,93,0.0,5.0
2022,10,5,21,27.0,93,0.0,0.0
2022,10,6,0,26.6,93,0.0,0.0
2022,10,6,3,28.5,88,0.0,0.0
2022,10,6,6,29.5,80,0.0,5.0
2022,10,6,9,32.0,70,0.0,8.0
2022,10,6,12,29.3,77,0.0,0.0
2022,10,6,15,28.0,89,0.0,5.0
2022,10,6,18,26.8,92,0.0,0.0
2022,10,6,21,26.5,96,0.0,0.0
2022,10,7,0,26.0,97,0.0,0.0
2022,10,7,3,29.0,83,0.0,0.0
2022,10,7,6,33.2,63,0.0,8.0
2022,10,7,9,34.5,58,0.0,8.0
2022,10,7,12,30.4,77,0.0,4.0
2022,10,7,15,28.0,92,0.0,0.0
2022,10,7,18,27.2,93,0.0,0.0
2022,10,7,21,26.4,93,0.0,0.0
2022,10,8,0,26.0,93,0.0,0.0
2022,10,8,3,31.0,77,0.0,8.0
2022,10,8,6,35.0,53,0.0,10.0
2022,10,8,9,31.2,75,0.6,8.0
2022,10,8,12,29.5,80,0.0,5.0
2022,10,8,15,27.8,87,0.0,0.0
2022,10,8,18,27.0,92,0.0,0.0
2022,10,8,21,26.6,92,0.0,0.0
2022,10,9,0,26.4,91,0.0,0.0
2022,10,9,3,31.0,73,0.0,6.0
2022,10,9,6,34.5,59,0.0,10.0
2022,10,9,9,30.0,72,0.0,5.0
2022,10,9,12,28.0,83,0.0,5.0
2022,10,9,15,26.0,87,0.0,6.0
2022,10,9,18,25.3,91,0.0,5.0
2022,10,9,21,25.6,91,0.0,0.0
2022,10,10,0,26.8,92,0.0,0.0
2022,10,10,3,30.0,76,0.0,5.0
2022,10,10,6,34.0,58,0.0,10.0
2022,10,10,9,34.5,59,0.0,10.0
2022,10,10,12,30.0,80,0.0,0.0
2022,10,10,15,28.0,92,0.0,0.0
2022,10,10,18,27.0,93,0.0,5.0
2022,10,10,21,26.5,92,0.0,0.0
2022,10,11,0,26.2,91,0.0,0.0
2022,10,11,3,30.5,69,0.0,2.0
2022,10,11,6,33.3,62,0.0,2.0
2022,10,11,9,30.8,75,0.0,10.0
2022,10,11,12,26.8,89,2.0,5.0
2022,10,11,15,26.4,88,0.0,5.0
2022,10,11,18,25.8,93,0.0,5.0
2022,10,11,21,25.0,93,2.0,4.0
2022,10,12,0,25.4,93,0.6,0.0
2022,10,12,3,29.0,76,0.0,5.0
2022,10,12,6,31.0,63,0.0,7.0
2022,10,12,9,32.5,61,0.0,5.0
2022,10,12,12,26.0,85,0.0,5.0
2022,10,12,15,26.0,91,3.0,5.0
2022,10,12,18,24.0,94,3.8,0.0
2022,10,12,21,24.0,95,12.8,0.0
2022,10,13,0,25.0,96,10.0,5.0
2022,10,13,3,26.5,92,0.2,6.0
2022,10,13,6,29.5,76,0.0,2.0
2022,10,13,9,29.6,75,0.0,0.0
2022,10,13,12,28.0,88,0.0,0.0
2022,10,13,15,26.5,89,0.0,0.0
2022,10,13,18,25.2,93,0.0,5.0
2022,10,13,21,25.0,93,0.0,0.0
2022,10,14,0,25.4,93,0.0,0.0
2022,10,14,3,27.2,87,0.0,0.0
2022,10,14,6,32.4,63,0.0,6.0
2022,10,14,9,33.0,57,0.0,6.0
2022,10,14,12,28.0,81,0.0,5.0
2022,10,14,15,26.0,91,0.0,0.0
2022,10,14,18,25.4,93,0.0,0.0
2022,10,14,21,24.0,93,0.0,0.0
2022,10,15,0,23.0,95,0.0,0.0
2022,10,15,3,29.0,73,0.0,0.0
2022,10,15,6,33.5,55,0.0,5.0
2022,10,15,9,33.0,49,0.0,5.0
2022,10,15,12,28.0,72,0.0,0.0
2022,10,15,15,25.0,84,0.0,0.0
2022,10,15,18,23.5,91,0.0,0.0
2022,10,15,21,23.2,93,0.0,0.0
2022,10,16,0,23.0,94,0.0,5.0
2022,10,16,3,28.0,72,0.0,5.0
2022,10,16,6,31.7,59,0.0,4.0
2022,10,16,9,33.2,53,0.0,4.0
2022,10,16,12,28.8,77,0.0,5.0
2022,10,16,15,25.6,86,0.0,0.0
2022,10,16,18,25.2,89,0.0,5.0
2022,10,16,21,24.0,91,0.0,5.0
2022,10,17,0,22.8,94,0.0,5.0
2022,10,17,3,30.0,65,0.0,6.0
2022,10,17,6,32.0,54,0.0,6.0
2022,10,17,9,33.7,52,0.0,0.0
2022,10,17,12,29.0,79,0.0,0.0
2022,10,17,15,26.5,86,0.0,0.0
2022,10,17,18,24.0,91,0.0,0.0
2022,10,17,21,23.0,92,0.0,0.0
2022,10,18,0,22.2,93,0.0,5.0
2022,10,18,3,28.5,76,0.0,0.0
2022,10,18,6,32.8,47,0.0,6.0
2022,10,18,9,34.0,52,0.0,8.0
2022,10,18,12,28.5,72,0.0,5.0
2022,10,18,15,25.4,82,0.0,5.0
2022,10,18,18,24.4,84,0.0,5.0
2022,10,18,21,23.4,87,0.0,0.0
2022,10,19,0,22.6,91,0.0,0.0
2022,10,19,3,28.4,64,0.0,5.0
2022,10,19,6,32.0,50,0.0,5.0
2022,10,19,9,33.5,50,0.0,5.0
2022,10,19,12,28.2,70,0.0,0.0
2022,10,19,15,24.5,87,0.0,0.0
2022,10,19,18,23.0,91,0.0,0.0
2022,10,19,21,22.6,93,0.0,0.0
2022,10,20,0,22.0,94,0.0,0.0
2022,10,20,3,28.0,74,0.0,6.0
2022,10,20,6,31.5,63,0.0,5.0
2022,10,20,9,32.2,59,0.0,5.0
2022,10,20,12,27.8,71,0.0,5.0
2022,10,20,15,24.8,84,0.0,0.0
2022,10,20,18,24.2,91,0.0,0.0
2022,10,20,21,23.0,91,0.0,0.0
2022,10,21,0,21.6,92,0.0,0.0
2022,10,21,3,28.0,74,0.0,6.0
2022,10,21,6,31.5,54,0.0,6.0
2022,10,21,9,32.4,48,0.0,8.0
2022,10,21,12,27.2,78,0.0,0.0
2022,10,21,15,25.0,82,0.0,0.0
2022,10,21,18,23.3,89,0.0,0.0
2022,10,21,21,22.0,90,0.0,0.0
2022,10,22,0,20.8,90,0.0,5.0
2022,10,22,3,26.8,59,0.0,5.0
2022,10,22,6,31.8,46,0.0,8.0
2022,10,22,9,33.0,45,0.0,8.0
2022,10,22,12,27.0,73,0.0,5.0
2022,10,22,15,25.6,73,0.0,8.0
2022,10,22,18,24.6,86,0.0,6.0
2022,10,22,21,23.6,87,0.0,5.0
2022,10,23,0,21.8,87,0.0,5.0
2022,10,23,3,27.0,67,0.0,9.0
2022,10,23,6,33.0,45,0.0,9.0
2022,10,23,9,33.2,45,0.0,6.0
2022,10,23,12,29.4,69,0.0,0.0
2022,10,23,15,26.0,78,0.0,6.0
2022,10,23,18,24.5,89,0.0,8.0
2022,10,23,21,24.0,88,0.0,4.0
2022,10,24,0,23.5,87,0.0,5.0
2022,10,24,3,25.8,82,0.0,6.0
2022,10,24,6,30.0,61,0.0,6.0
2022,10,24,9,27.0,61,0.0,1.0
2022,10,24,12,23.6,73,0.0,1.0
2022,10,24,15,22.5,81,0.0,10.0
2022,10,24,18,22.0,86,0.0,1.0
2022,10,24,21,21.4,92,2.2,1.0
2022,10,25,0,21.2,93,0.8,5.0
2022,10,25,3,23.8,75,0.0,5.0
2022,10,25,6,27.5,67,0.0,2.0
2022,10,25,9,28.6,64,0.0,6.0
2022,10,25,12,25.0,82,0.0,5.0
2022,10,25,15,24.0,87,0.0,5.0
2022,10,25,18,23.2,91,0.0,0.0
2022,10,25,21,22.5,93,0.0,0.0
2022,10,26,0,22.2,93,0.0,0.0
2022,10,26,3,24.0,81,0.0,5.0
2022,10,26,6,30.0,65,0.0,5.0
2022,10,26,9,31.8,52,0.0,6.0
2022,10,26,12,26.0,79,0.0,0.0
2022,10,26,15,23.6,91,0.0,0.0
2022,10,26,18,22.8,93,0.0,0.0
2022,10,26,21,22.8,95,0.0,0.0
2022,10,27,0,22.6,96,0.0,0.0
2022,10,27,3,24.0,91,0.0,5.0
2022,10,27,6,27.8,71,0.0,0.0
2022,10,27,9,31.0,51,0.0,0.0
2022,10,27,12,25.0,82,0.0,0.0
2022,10,27,15,23.4,92,0.0,0.0
2022,10,27,18,23.0,93,0.0,0.0
2022,10,27,21,22.0,94,0.0,0.0
2022,10,28,0,21.0,95,0.0,0.0
2022,10,28,3,24.0,89,0.0,5.0
2022,10,28,6,29.0,64,0.0,5.0
2022,10,28,9,30.4,55,0.0,5.0
2022,10,28,12,25.8,82,0.0,0.0
2022,10,28,15,23.0,91,0.0,0.0
2022,10,28,18,22.0,92,0.0,0.0
2022,10,28,21,21.6,91,0.0,0.0
2022,10,29,0,21.0,90,0.0,5.0
2022,10,29,3,26.0,74,0.0,6.0
2022,10,29,6,30.0,59,0.0,8.0
2022,10,29,9,31.8,49,0.0,6.0
2022,10,29,12,26.0,74,0.0,0.0
2022,10,29,15,24.0,81,0.0,0.0
2022,10,29,18,22.0,91,0.0,0.0
2022,10,29,21,21.0,92,0.0,5.0
2022,10,30,0,20.5,93,0.0,5.0
2022,10,30,3,25.6,69,0.0,8.0
2022,10,30,6,31.0,63,0.0,8.0
2022,10,30,9,31.5,57,0.0,5.0
2022,10,30,12,27.5,79,0.0,0.0
2022,10,30,15,24.5,89,0.0,0.0
2022,10,30,18,23.0,89,0.0,0.0
2022,10,30,21,22.0,91,0.0,0.0
2022,10,31,0,20.5,90,0.0,0.0
2022,10,31,3,26.0,64,0.0,8.0
2022,10,31,6,30.0,62,0.0,5.0
2022,10,31,9,31.5,58,0.0,5.0
2022,10,31,12,27.0,79,0.0,0.0
2022,10,31,15,24.5,91,0.0,0.0
2022,10,31,18,22.0,92,0.0,0.0
2022,10,31,21,21.8,91,0.0,0.0
2022,11,1,0,21.5,86,0.0,5.0
2022,11,1,3,25.8,68,0.0,1.0
2022,11,1,6,30.5,58,0.0,1.0
2022,11,1,9,32.0,57,0.0,5.0
2022,11,1,12,27.0,81,0.0,0.0
2022,11,1,15,24.5,87,0.0,0.0
2022,11,1,18,22.0,91,0.0,0.0
2022,11,1,21,21.6,90,0.0,0.0
2022,11,2,0,21.0,88,0.0,5.0
2022,11,2,3,24.8,67,0.0,6.0
2022,11,2,6,30.5,59,0.0,4.0
2022,11,2,9,30.2,57,0.0,0.0
2022,11,2,12,26.8,80,0.0,0.0
2022,11,2,15,24.5,87,0.0,0.0
2022,11,2,18,23.0,89,0.0,0.0
2022,11,2,21,21.5,93,0.0,0.0
2022,11,3,0,20.6,94,0.0,0.0
2022,11,3,3,24.0,81,0.0,0.0
2022,11,3,6,30.5,56,0.0,5.0
2022,11,3,9,30.5,47,0.0,0.0
2022,11,3,12,27.0,67,0.0,0.0
2022,11,3,15,23.0,86,0.0,0.0
2022,11,3,18,20.5,92,0.0,0.0
2022,11,3,21,20.2,92,0.0,0.0
2022,11,4,0,20.0,94,0.0,0.0
2022,11,4,3,24.0,77,0.0,5.0
2022,11,4,6,30.5,56,0.0,8.0
2022,11,4,9,31.2,50,0.0,5.0
2022,11,4,12,25.5,74,0.0,0.0
2022,11,4,15,24.0,81,0.0,0.0
2022,11,4,18,23.0,86,0.0,0.0
2022,11,4,21,21.8,87,0.0,0.0
2022,11,5,0,20.4,90,0.0,5.0
2022,11,5,3,25.8,68,0.0,10.0
2022,11,5,6,30.5,59,0.0,6.0
2022,11,5,9,31.8,52,0.0,6.0
2022,11,5,12,26.8,75,0.0,0.0
2022,11,5,15,24.0,87,0.0,0.0
2022,11,5,18,20.5,90,0.0,0.0
2022,11,5,21,20.4,90,0.0,0.0
2022,11,6,0,20.0,92,0.0,0.0
2022,11,6,3,25.0,71,0.0,0.0
2022,11,6,6,30.6,59,0.0,6.0
2022,11,6,9,32.0,51,0.0,5.0
2022,11,6,12,27.0,71,0.0,5.0
2022,11,6,15,24.0,87,0.0,0.0
2022,11,6,18,22.6,89,0.0,5.0
2022,11,6,21,22.0,89,0.0,0.0
2022,11,7,0,21.0,90,0.0,0.0
2022,11,7,3,24.0,76,0.0,6.0
2022,11,7,6,30.0,62,0.0,5.0
2022,11,7,9,30.0,57,0.0,5.0
2022,11,7,12,26.6,78,0.0,0.0
2022,11,7,15,24.2,87,0.0,0.0
2022,11,7,18,23.5,89,0.0,0.0
2022,11,7,21,22.0,91,0.0,0.0
2022,11,8,0,21.0,90,0.0,0.0
2022,11,8,3,25.2,74,0.0,5.0
2022,11,8,6,30.0,58,0.0,6.0
2022,11,8,9,31.2,47,0.0,0.0
2022,11,8,12,25.2,76,0.0,0.0
2022,11,8,15,23.0,89,0.0,0.0
2022,11,8,18,20.5,93,0.0,0.0
2022,11,8,21,20.0,93,0.0,0.0
2022,11,9,0,19.8,93,0.0,0.0
2022,11,9,3,24.5,76,0.0,5.0
2022,11,9,6,30.0,59,0.0,5.0
2022,11,9,9,29.6,57,0.0,0.0
2022,11,9,12,25.0,80,0.0,0.0
2022,11,9,15,22.5,89,0.0,0.0
2022,11,9,18,20.4,92,0.0,0.0
2022,11,9,21,20.0,93,0.0,0.0
2022,11,10,0,19.8,93,0.0,5.0
2022,11,10,3,24.0,77,0.0,5.0
2022,11,10,6,29.5,59,0.0,5.0
2022,11,10,9,28.0,64,0.0,0.0
2022,11,10,12,24.8,77,0.0,0.0
2022,11,10,15,22.5,91,0.0,0.0
2022,11,10,18,20.5,91,0.0,0.0
2022,11,10,21,20.2,92,0.0,0.0
2022,11,11,0,19.8,94,0.0,0.0
2022,11,11,3,25.0,75,0.0,0.0
2022,11,11,6,30.0,52,0.0,5.0
2022,11,11,9,30.2,50,0.0,5.0
2022,11,11,12,24.5,74,0.0,0.0
2022,11,11,15,22.0,86,0.0,0.0
2022,11,11,18,21.0,90,0.0,0.0
2022,11,11,21,20.0,92,0.0,0.0
2022,11,12,0,19.0,92,0.0,0.0
2022,11,12,3,24.0,81,0.0,0.0
2022,11,12,6,29.4,54,0.0,0.0
2022,11,12,9,30.0,52,0.0,6.0
2022,11,12,12,24.5,78,0.0,4.0
2022,11,12,15,22.0,88,0.0,5.0
2022,11,12,18,19.8,93,0.0,0.0
2022,11,12,21,18.2,94,0.0,0.0
2022,11,13,0,16.6,96,0.0,5.0
2022,11,13,3,19.5,90,0.0,0.0
2022,11,13,6,28.5,54,0.0,4.0
2022,11,13,9,30.0,46,0.0,5.0
2022,11,13,12,22.0,79,0.0,0.0
2022,11,13,15,19.5,88,0.0,0.0
2022,11,13,18,18.0,92,0.0,0.0
2022,11,13,21,17.2,93,0.0,0.0
2022,11,14,0,16.8,96,0.0,0.0
2022,11,14,3,21.5,80,0.0,5.0
2022,11,14,6,28.2,56,0.0,5.0
2022,11,14,9,29.2,49,0.0,5.0
2022,11,14,12,23.8,86,0.0,0.0
2022,11,14,15,20.8,90,0.0,0.0
2022,11,14,18,19.0,92,0.0,0.0
2022,11,14,21,18.2,94,0.0,0.0
2022,11,15,0,17.2,96,0.0,0.0
2022,11,15,3,21.5,76,0.0,5.0
2022,11,15,6,28.8,52,0.0,4.0
2022,11,15,9,29.0,41,0.0,5.0
2022,11,15,12,24.5,70,0.0,0.0
2022,11,15,15,20.6,89,0.0,0.0
2022,11,15,18,20.0,90,0.0,0.0
2022,11,15,21,18.0,92,0.0,0.0
2022,11,16,0,16.5,95,0.0,0.0
2022,11,16,3,20.7,84,0.0,4.0
2022,11,16,6,29.0,48,0.0,4.0
2022,11,16,9,30.0,42,0.0,5.0
2022,11,16,12,23.0,76,0.0,0.0
2022,11,16,15,20.0,87,0.0,5.0
2022,11,16,18,18.2,92,0.0,0.0
2022,11,16,21,17.4,93,0.0,0.0
2022,11,17,0,16.8,93,0.0,0.0
2022,11,17,3,22.0,79,0.0,0.0
2022,11,17,6,28.5,51,0.0,0.0
2022,11,17,9,29.4,48,0.0,5.0
2022,11,17,12,23.0,76,0.0,0.0
2022,11,17,15,20.0,90,0.0,5.0
2022,11,17,18,17.6,94,0.0,0.0
2022,11,17,21,17.4,92,0.0,0.0
2022,11,18,0,18.4,92,0.0,5.0
2022,11,18,3,22.4,75,0.0,6.0
2022,11,18,6,29.5,49,0.0,6.0
2022,11,18,9,29.0,45,0.0,5.0
2022,11,18,12,23.5,85,0.0,0.0
2022,11,18,15,20.2,90,0.0,0.0
2022,11,18,18,18.0,91,0.0,0.0
2022,11,18,21,17.6,94,0.0,0.0
2022,11,19,0,17.0,95,0.0,5.0
2022,11,19,3,22.2,72,0.0,6.0
2022,11,19,6,29.4,45,0.0,8.0
2022,11,19,9,30.0,36,0.0,6.0
2022,11,19,12,23.5,77,0.0,5.0
2022,11,19,15,19.0,90,0.0,0.0
2022,11,19,18,17.5,92,0.0,0.0
2022,11,19,21,17.0,91,0.0,0.0
2022,11,20,0,16.5,90,0.0,5.0
2022,11,20,3,22.0,67,0.0,7.0
2022,11,20,6,28.4,46,0.0,8.0
2022,11,20,9,29.4,45,0.0,6.0
2022,11,20,12,22.2,77,0.0,0.0
2022,11,20,15,19.4,88,0.0,0.0
2022,11,20,18,18.2,89,0.0,0.0
2022,11,20,21,16.2,93,0.0,0.0
2022,11,21,0,15.0,94,0.0,0.0
2022,11,21,3,21.0,71,0.0,6.0
2022,11,21,6,28.5,48,0.0,5.0
2022,11,21,9,29.0,41,0.0,8.0
2022,11,21,12,22.0,76,0.0,5.0
2022,11,21,15,19.5,85,0.0,7.0
2022,11,21,18,17.2,89,0.0,5.0
2022,11,21,21,16.0,92,0.0,0.0
2022,11,22,0,15.5,94,0.0,0.0
2022,11,22,3,21.0,75,0.0,6.0
2022,11,22,6,27.6,49,0.0,7.0
2022,11,22,9,29.2,43,0.0,0.0
2022,11,22,12,23.5,69,0.0,0.0
2022,11,22,15,19.6,87,0.0,0.0
2022,11,22,18,18.4,89,0.0,0.0
2022,11,22,21,17.0,91,0.0,0.0
2022,11,23,0,15.5,94,0.0,0.0
2022,11,23,3,20.5,77,0.0,4.0
2022,11,23,6,28.4,50,0.0,6.0
2022,11,23,9,29.2,41,0.0,5.0
2022,11,23,12,23.6,70,0.0,0.0
2022,11,23,15,20.6,85,0.0,4.0
2022,11,23,18,18.6,90,0.0,5.0
2022,11,23,21,17.0,91,0.0,0.0
2022,11,24,0,16.0,93,0.0,0.0
2022,11,24,3,20.5,75,0.0,4.0
2022,11,24,6,28.2,46,0.0,5.0
2022,11,24,9,24.0,64,0.0,5.0
2022,11,24,12,24.0,64,0.0,5.0
2022,11,24,15,17.3,89,0.0,4.0
2022,11,24,18,17.3,89,0.0,4.0
2022,11,24,21,16.4,93,0.0,0.0
2022,11,25,0,15.8,97,0.0,5.0
2022,11,25,3,22.5,68,0.0,5.0
2022,11,25,6,29.4,45,0.0,10.0
2022,11,25,9,29.7,42,0.0,1.0
2022,11,25,12,24.0,73,0.0,0.0
2022,11,25,15,19.5,90,0.0,5.0
2022,11,25,18,17.0,92,0.0,5.0
2022,11,25,21,16.2,93,0.0,0.0
2022,11,26,0,15.6,94,0.0,0.0
2022,11,26,3,22.0,72,0.0,0.0
2022,11,26,6,28.8,51,0.0,6.0
2022,11,26,9,29.5,46,0.0,4.0
2022,11,26,12,24.0,70,0.0,0.0
2022,11,26,15,20.5,87,0.0,0.0
2022,11,26,18,19.0,90,0.0,0.0
2022,11,26,21,18.0,92,0.0,0.0
2022,11,27,0,17.0,95,0.0,0.0
2022,11,27,3,21.0,78,0.0,6.0
2022,11,27,6,28.0,50,0.0,5.0
2022,11,27,9,28.0,53,0.0,8.0
2022,11,27,12,23.0,72,0.0,0.0
2022,11,27,15,20.0,90,0.0,0.0
2022,11,27,18,19.2,92,0.0,0.0
2022,11,27,21,18.0,92,0.0,0.0
2022,11,28,0,17.0,91,0.0,5.0
2022,11,28,3,21.0,71,0.0,5.0
2022,11,28,6,21.0,71,0.0,0.0
2022,11,28,9,28.0,46,0.0,8.0
2022,11,28,12,24.3,75,0.0,5.0
2022,11,28,15,19.0,90,0.0,5.0
2022,11,28,18,17.4,92,0.0,5.0
2022,11,28,21,17.8,91,0.0,5.0
2022,11,29,0,17.0,89,0.0,5.0
2022,11,29,3,22.0,58,0.0,8.0
2022,11,29,6,28.0,46,0.0,1.0
2022,11,29,9,29.2,46,0.0,6.0
2022,11,29,12,23.4,74,0.0,0.0
2022,11,29,15,20.0,87,0.0,0.0
2022,11,29,18,18.0,92,0.0,0.0
2022,11,29,21,17.8,87,0.0,5.0
2022,11,30,0,17.5,84,0.0,5.0
2022,11,30,3,22.0,59,0.0,8.0
2022,11,30,6,28.0,43,0.0,10.0
2022,11,30,9,29.2,44,0.0,5.0
2022,11,30,12,23.0,72,0.0,0.0
2022,11,30,15,20.5,87,0.0,0.0
2022,11,30,18,19.6,90,0.0,0.0
2022,11,30,21,18.0,92,0.0,0.0
2022,12,1,0,15.8,96,0.0,0.0
2022,12,1,3,21.0,75,0.0,0.0
2022,12,1,6,29.0,41,0.0,2.0
2022,12,1,9,29.6,36,0.0,0.0
2022,12,1,12,22.6,72,0.0,0.0
2022,12,1,15,19.5,85,0.0,0.0
2022,12,1,18,19.0,88,0.0,0.0
2022,12,1,21,17.2,89,0.0,0.0
2022,12,2,0,16.0,89,0.0,0.0
2022,12,2,3,21.0,71,0.0,2.0
2022,12,2,6,28.0,46,0.0,5.0
2022,12,2,9,29.0,41,0.0,4.0
2022,12,2,12,23.2,71,0.0,5.0
2022,12,2,15,19.7,86,0.0,5.0
2022,12,2,18,18.5,90,0.0,6.0
2022,12,2,21,16.4,92,0.0,5.0
2022,12,3,0,15.2,93,0.0,5.0
2022,12,3,3,19.5,75,0.0,5.0
2022,12,3,6,28.0,46,0.0,5.0
2022,12,3,9,29.0,48,0.0,7.0
2022,12,3,12,22.8,74,0.0,0.0
2022,12,3,15,19.5,87,0.0,0.0
2022,12,3,18,18.0,89,0.0,0.0
2022,12,3,21,16.2,92,0.0,0.0
2022,12,4,0,15.2,95,0.0,5.0
2022,12,4,3,20.2,78,0.0,5.0
2022,12,4,6,27.5,54,0.0,4.0
2022,12,4,9,28.0,64,0.0,5.0
2022,12,4,12,22.0,75,0.0,0.0
2022,12,4,15,19.5,90,0.0,0.0
2022,12,4,18,18.0,92,0.0,0.0
2022,12,4,21,17.0,95,0.0,0.0
2022,12,5,0,15.6,96,0.0,0.0
2022,12,5,3,20.6,76,0.0,6.0
2022,12,5,6,28.0,46,0.0,6.0
2022,12,5,9,29.0,45,0.0,5.0
2022,12,5,12,22.5,72,0.0,0.0
2022,12,5,15,19.8,86,0.0,0.0
2022,12,5,18,18.2,89,0.0,0.0
2022,12,5,21,16.8,91,0.0,0.0
2022,12,6,0,16.0,94,0.0,6.0
2022,12,6,3,20.0,78,0.0,5.0
2022,12,6,6,27.6,43,0.0,5.0
2022,12,6,9,29.0,41,0.0,0.0
2022,12,6,12,22.5,72,0.0,0.0
2022,12,6,15,19.5,88,0.0,8.0
2022,12,6,18,17.8,88,0.0,5.0
2022,12,6,21,16.2,91,0.0,5.0
2022,12,7,0,15.2,92,0.0,4.0
2022,12,7,3,18.5,79,0.0,5.0
2022,12,7,6,27.3,50,0.0,5.0
2022,12,7,9,27.7,48,0.0,0.0
2022,12,7,12,21.8,78,0.0,0.0
2022,12,7,15,19.0,85,0.0,5.0
2022,12,7,18,17.5,92,0.0,5.0
2022,12,7,21,16.4,92,0.0,5.0
2022,12,8,0,15.4,93,0.0,5.0
2022,12,8,3,18.6,84,0.0,0.0
2022,12,8,6,26.8,54,0.0,7.0
2022,12,8,9,28.0,50,0.0,0.0
2022,12,8,12,22.8,78,0.0,0.0
2022,12,8,15,19.0,90,0.0,0.0
2022,12,8,18,16.6,91,0.0,0.0
2022,12,8,21,15.6,93,0.0,0.0
2022,12,9,0,15.0,97,0.0,0.0
2022,12,9,3,19.8,78,0.0,0.0
2022,12,9,6,27.0,49,0.0,5.0
2022,12,9,9,28.0,46,0.0,0.0
2022,12,9,12,22.4,77,0.0,0.0
2022,12,9,15,19.0,85,0.0,0.0
2022,12,9,18,18.2,89,0.0,0.0
2022,12,9,21,16.0,89,0.0,0.0
2022,12,10,0,15.5,91,0.0,0.0
2022,12,10,3,20.8,80,0.0,0.0
2022,12,10,6,27.0,52,0.0,6.0
2022,12,10,9,28.5,45,0.0,0.0
2022,12,10,12,22.5,77,0.0,0.0
2022,12,10,15,18.5,88,0.0,0.0
2022,12,10,18,17.5,92,0.0,0.0
2022,12,10,21,16.0,93,0.0,0.0
2022,12,11,0,15.0,95,0.0,5.0
2022,12,11,3,19.5,79,0.0,5.0
2022,12,11,6,27.0,49,0.0,6.0
2022,12,11,9,27.7,52,0.0,6.0
2022,12,11,12,27.7,52,0.0,6.0
2022,12,11,15,18.5,90,0.0,5.0
2022,12,11,18,17.0,92,0.0,5.0
2022,12,11,21,15.4,93,0.0,0.0
2022,12,12,0,14.4,95,0.0,5.0
2022,12,12,3,19.0,84,0.0,0.0
2022,12,12,6,26.8,50,0.0,6.0
2022,12,12,9,27.8,48,0.0,0.0
2022,12,12,12,21.0,75,0.0,0.0
2022,12,12,15,18.2,87,0.0,0.0
2022,12,12,18,16.4,91,0.0,0.0
2022,12,12,21,15.6,93,0.0,0.0
2022,12,13,0,14.8,95,0.0,0.0
2022,12,13,3,17.2,92,0.0,0.0
2022,12,13,6,26.4,47,0.0,0.0
2022,12,13,9,28.0,43,0.0,5.0
2022,12,13,12,21.0,80,0.0,0.0
2022,12,13,15,18.4,89,0.0,0.0
2022,12,13,18,16.5,92,0.0,0.0
2022,12,13,21,15.4,93,0.0,0.0
2022,12,14,0,14.6,95,0.0,0.0
2022,12,14,3,16.5,89,0.0,0.0
2022,12,14,6,25.0,65,0.0,0.0
2022,12,14,9,26.4,56,0.0,5.0
2022,12,14,12,21.0,80,0.0,0.0
2022,12,14,15,18.6,90,0.0,6.0
2022,12,14,18,17.3,91,0.0,5.0
2022,12,14,21,16.8,93,0.0,0.0
2022,12,15,0,16.5,96,0.0,0.0
2022,12,15,3,17.8,92,0.0,0.0
2022,12,15,6,22.0,72,0.0,4.0
2022,12,15,9,25.2,64,0.0,5.0
2022,12,15,12,20.4,86,0.0,0.0
2022,12,15,15,18.4,89,0.0,5.0
2022,12,15,18,17.2,91,0.0,5.0
2022,12,15,21,15.6,93,0.0,5.0
2022,12,16,0,13.8,95,0.0,5.0
2022,12,16,3,16.0,87,0.0,6.0
2022,12,16,6,16.0,87,0.0,6.0
2022,12,16,9,23.2,57,0.0,6.0
2022,12,16,12,25.0,61,0.0,0.0
2022,12,16,15,18.0,89,0.0,5.0
2022,12,16,18,16.0,93,0.0,6.0
2022,12,16,21,15.4,92,0.0,0.0
2022,12,17,0,14.8,92,0.0,5.0
2022,12,17,3,17.4,84,0.0,5.0
2022,12,17,6,24.8,63,0.0,6.0
2022,12,17,9,27.0,52,0.0,8.0
2022,12,17,12,27.0,52,0.0,8.0
2022,12,17,15,17.8,92,0.0,5.0
2022,12,17,18,15.5,94,0.0,5.0
2022,12,17,21,16.4,94,0.0,0.0
2022,12,18,0,16.0,96,0.0,5.0
2022,12,18,3,20.0,79,0.0,6.0
2022,12,18,6,26.4,56,0.0,5.0
2022,12,18,9,28.5,45,0.0,0.0
2022,12,18,12,21.5,76,0.0,0.0
2022,12,18,15,18.4,89,0.0,0.0
2022,12,18,18,17.0,91,0.0,0.0
2022,12,18,21,16.0,93,0.0,0.0
2022,12,19,0,15.0,94,0.0,0.0
2022,12,19,3,19.5,77,0.0,6.0
2022,12,19,6,26.5,52,0.0,0.0
2022,12,19,9,27.2,52,0.2,0.0
2022,12,19,12,22.4,68,0.0,0.0
2022,12,19,15,18.2,89,0.0,5.0
2022,12,19,18,16.3,92,0.0,7.0
2022,12,19,21,16.0,93,0.0,4.0
2022,12,20,0,15.4,95,0.0,5.0
2022,12,20,3,18.5,89,0.0,5.0
2022,12,20,6,27.2,54,0.0,5.0
2022,12,20,9,27.8,53,0.0,8.0
2022,12,20,12,22.5,72,0.0,0.0
2022,12,20,15,18.0,89,0.0,0.0
2022,12,20,18,16.4,91,0.0,0.0
2022,12,20,21,16.0,91,0.0,0.0
2022,12,21,0,15.8,96,0.0,5.0
2022,12,21,3,18.0,87,0.0,0.0
2022,12,21,6,26.0,58,0.0,4.0
2022,12,21,9,27.5,50,0.0,7.0
2022,12,21,12,20.5,80,0.0,5.0
2022,12,21,15,18.0,89,0.0,6.0
2022,12,21,18,16.2,92,0.0,6.0
2022,12,21,21,15.5,94,0.0,0.0
2022,12,22,0,14.8,95,0.0,0.0
2022,12,22,3,17.0,89,0.0,4.0
2022,12,22,6,26.0,55,0.0,5.0
2022,12,22,9,26.6,51,0.0,6.0
2022,12,22,12,20.5,79,0.0,5.0
2022,12,22,15,17.5,84,0.0,5.0
2022,12,22,18,15.7,92,0.0,6.0
2022,12,22,21,15.2,94,0.0,0.0
2022,12,23,0,14.5,97,0.0,0.0
2022,12,23,3,15.0,93,0.0,0.0
2022,12,23,6,17.0,89,0.0,0.0
2022,12,23,9,23.0,63,0.0,6.0
2022,12,23,12,19.4,79,0.0,5.0
2022,12,23,15,15.5,92,0.0,5.0
2022,12,23,18,13.5,94,0.0,5.0
2022,12,23,21,12.5,94,0.0,0.0
2022,12,24,0,11.5,94,0.0,0.0
2022,12,24,3,15.5,89,0.0,5.0
2022,12,24,6,23.4,66,0.0,5.0
2022,12,24,9,27.0,52,0.0,6.0
2022,12,24,12,21.4,84,0.0,5.0
2022,12,24,15,16.2,91,0.0,5.0
2022,12,24,18,13.2,93,0.0,6.0
2022,12,24,21,13.6,94,0.0,5.0
2022,12,25,0,14.2,95,0.0,5.0
2022,12,25,3,16.4,94,0.0,5.0
2022,12,25,6,23.4,52,0.0,0.0
2022,12,25,9,25.4,43,0.0,6.0
2022,12,25,12,23.0,63,0.0,6.0
2022,12,25,15,17.8,89,0.0,0.0
2022,12,25,18,15.9,89,0.0,0.0
2022,12,25,21,16.2,98,0.0,0.0
2022,12,26,0,16.8,93,0.0,0.0
2022,12,26,3,18.2,89,0.0,6.0
2022,12,26,6,23.0,67,0.0,3.0
2022,12,26,9,25.0,58,0.0,5.0
2022,12,26,12,19.5,83,0.0,5.0
2022,12,26,15,17.0,91,0.0,6.0
2022,12,26,18,15.3,93,0.0,5.0
2022,12,26,21,15.4,93,0.0,0.0
2022,12,27,0,15.5,94,0.0,0.0
2022,12,27,3,16.5,97,0.0,0.0
2022,12,27,6,23.5,60,0.0,6.0
2022,12,27,9,25.0,46,0.0,10.0
2022,12,27,12,18.8,74,0.0,5.0
2022,12,27,15,16.2,87,0.0,0.0
2022,12,27,18,15.3,94,0.0,0.0
2022,12,27,21,13.0,90,0.0,0.0
2022,12,28,0,12.2,92,0.0,0.0
2022,12,28,3,13.5,88,0.0,0.0
2022,12,28,6,21.5,62,0.0,0.0
2022,12,28,9,23.5,44,0.0,5.0
2022,12,28,12,18.0,83,0.0,0.0
2022,12,28,15,15.5,91,0.0,0.0
2022,12,28,18,13.2,93,0.0,0.0
2022,12,28,21,13.4,95,0.0,0.0
2022,12,29,0,13.4,95,0.0,0.0
2022,12,29,3,14.5,90,0.0,0.0
2022,12,29,6,20.0,70,0.0,6.0
2022,12,29,9,13.4,95,0.0,4.0
2022,12,29,12,18.0,85,0.0,0.0
2022,12,29,15,15.0,91,0.0,5.0
2022,12,29,18,12.5,94,0.0,6.0
2022,12,29,21,12.8,95,0.0,4.0
2022,12,30,0,13.0,95,0.0,5.0
2022,12,30,3,16.4,87,0.0,6.0
2022,12,30,6,23.0,55,0.0,7.0
2022,12,30,9,24.5,43,0.0,6.0
2022,12,30,12,19.0,74,0.0,5.0
2022,12,30,15,16.1,88,0.0,6.0
2022,12,30,18,13.0,93,0.0,5.0
2022,12,30,21,11.8,95,0.0,0.0
2022,12,31,0,11.0,97,0.0,0.0
2022,12,31,3,13.4,95,0.0,0.0
2022,12,31,6,17.5,84,0.0,6.0
2022,12,31,9,23.0,67,0.0,4.0
2022,12,31,12,17.0,89,0.0,5.0
2022,12,31,15,14.5,94,0.0,5.0
2022,12,31,18,12.0,95,0.0,7.0
2022,12,31,21,12.6,94,0.0,0.0
2023,1,1,0,13.4,95,0.0,0.0
2023,1,1,3,13.6,97,0.0,0.0
2023,1,1,6,20.0,75,0.0,6.0
2023,1,1,9,23.2,59,0.0,0.0
2023,1,1,12,18.0,85,0.0,0.0
2023,1,1,15,15.4,89,0.0,6.0
2023,1,1,18,14.0,93,0.0,0.0
2023,1,1,21,12.8,95,0.0,0.0
2023,1,2,0,11.8,96,0.0,0.0
2023,1,2,3,16.0,94,0.0,0.0
2023,1,2,6,23.0,59,0.0,6.0
2023,1,2,9,25.0,50,0.0,5.0
2023,1,2,12,18.8,79,0.0,0.0
2023,1,2,15,16.5,89,0.0,7.0
2023,1,2,18,13.3,90,0.0,6.0
2023,1,2,21,13.8,91,0.0,6.0
2023,1,3,0,14.4,93,0.0,6.0
2023,1,3,3,15.0,93,0.0,8.0
2023,1,3,6,17.0,84,0.0,6.0
2023,1,3,9,22.4,59,0.0,6.0
2023,1,3,12,18.0,78,0.0,6.0
2023,1,3,15,15.0,89,0.0,6.0
2023,1,3,18,13.6,91,0.0,6.0
2023,1,3,21,13.2,95,0.0,8.0
2023,1,4,0,13.0,95,0.0,10.0
2023,1,4,3,13.6,93,0.0,6.0
2023,1,4,6,16.5,73,0.0,5.0
2023,1,4,9,22.4,59,0.0,4.0
2023,1,4,12,18.0,78,0.0,6.0
2023,1,4,15,15.0,86,0.0,8.0
2023,1,4,18,14.0,88,0.0,10.0
2023,1,4,21,12.2,92,0.0,6.0
2023,1,5,0,11.0,93,0.0,8.0
2023,1,5,3,11.8,95,0.0,6.0
2023,1,5,6,14.0,82,0.0,10.0
2023,1,5,9,21.0,61,0.0,8.0
2023,1,5,12,17.2,82,0.0,5.0
2023,1,5,15,14.0,93,0.0,6.0
2023,1,5,18,13.4,93,0.0,6.0
2023,1,5,21,12.0,92,0.0,8.0
2023,1,6,0,11.5,94,0.0,8.0
2023,1,6,3,12.0,92,0.0,8.0
2023,1,6,6,15.0,76,0.0,9.0
2023,1,6,9,19.5,68,0.0,10.0
2023,1,6,12,16.4,85,0.0,8.0
2023,1,6,15,13.3,88,0.0,7.0
2023,1,6,18,11.2,91,0.0,8.0
2023,1,6,21,11.0,93,0.0,6.0
2023,1,7,0,10.8,96,0.0,8.0
2023,1,7,3,11.8,92,0.0,6.0
2023,1,7,6,16.0,67,0.0,9.0
2023,1,7,9,23.0,55,0.0,6.0
2023,1,7,12,18.2,78,0.0,5.0
2023,1,7,15,15.0,84,0.0,8.0
2023,1,7,18,14.0,88,0.0,6.0
2023,1,7,21,12.5,94,0.0,6.0
2023,1,8,0,11.0,97,0.0,6.0
2023,1,8,3,11.4,92,0.0,6.0
2023,1,8,6,16.0,77,0.0,6.0
2023,1,8,9,21.6,61,0.0,5.0
2023,1,8,12,16.5,84,0.0,6.0
2023,1,8,15,14.2,88,0.0,6.0
2023,1,8,18,12.1,92,0.0,7.0
2023,1,8,21,10.0,92,0.0,6.0
2023,1,9,0,9.2,92,0.0,5.0
2023,1,9,3,11.0,93,0.0,6.0
2023,1,9,6,21.6,60,0.0,5.0
2023,1,9,9,26.2,46,0.0,6.0
2023,1,9,12,19.2,73,0.0,5.0
2023,1,9,15,15.0,86,0.0,5.0
2023,1,9,18,13.2,90,0.0,5.0
2023,1,9,21,11.0,92,0.0,5.0
2023,1,10,0,10.2,95,0.0,5.0
2023,1,10,3,14.0,88,0.0,5.0
2023,1,10,6,23.2,54,0.0,8.0
2023,1,10,9,25.5,47,0.0,6.0
2023,1,10,12,20.2,78,0.0,7.0
2023,1,10,15,14.0,88,0.0,7.0
2023,1,10,18,11.7,91,0.0,8.0
2023,1,10,21,10.0,92,0.0,6.0
2023,1,11,0,9.0,93,0.0,5.0
2023,1,11,3,10.0,89,0.0,6.0
2023,1,11,6,13.0,82,0.0,8.0
2023,1,11,9,20.4,59,0.0,6.0
2023,1,11,12,16.0,77,0.0,5.0
2023,1,11,15,13.2,88,0.0,6.0
2023,1,11,18,11.0,90,0.0,6.0
2023,1,11,21,10.5,93,0.0,6.0
2023,1,12,0,9.8,95,0.0,6.0
2023,1,12,3,11.6,95,0.0,6.0
2023,1,12,6,19.4,64,0.0,5.0
2023,1,12,9,24.0,57,0.0,4.0
2023,1,12,12,21.0,71,0.0,0.0
2023,1,12,15,15.0,89,0.0,5.0
2023,1,12,18,11.0,92,0.0,6.0
2023,1,12,21,10.0,92,0.0,0.0
2023,1,13,0,9.4,92,0.0,0.0
2023,1,13,3,13.5,92,0.0,0.0
2023,1,13,6,22.4,48,0.0,5.0
2023,1,13,9,25.6,36,0.0,6.0
2023,1,13,12,21.8,53,0.0,0.0
2023,1,13,15,14.4,84,0.0,0.0
2023,1,13,18,11.4,90,0.0,0.0
2023,1,13,21,10.3,93,0.0,0.0
2023,1,14,0,10.0,95,0.0,0.0
2023,1,14,3,14.6,74,0.0,0.0
2023,1,14,6,22.6,46,0.0,0.0
2023,1,14,9,25.2,34,0.0,8.0
2023,1,14,12,19.0,66,0.0,0.0
2023,1,14,15,14.5,84,0.0,0.0
2023,1,14,18,11.5,87,0.0,0.0
2023,1,14,21,10.6,92,0.0,0.0
2023,1,15,0,11.0,93,0.0,0.0
2023,1,15,3,14.8,74,0.0,0.0
2023,1,15,6,22.0,62,0.0,8.0
2023,1,15,9,25.5,41,0.0,12.0
2023,1,15,12,20.0,60,0.0,5.0
2023,1,15,15,16.6,83,0.0,7.0
2023,1,15,18,15.0,89,0.0,8.0
2023,1,15,21,13.0,93,0.0,8.0
2023,1,16,0,11.2,95,0.0,6.0
2023,1,16,3,12.0,94,0.0,5.0
2023,1,16,6,14.5,83,0.0,0.0
2023,1,16,9,19.2,68,0.0,0.0
2023,1,16,12,16.8,81,0.0,4.0
2023,1,16,15,13.5,88,0.0,5.0
2023,1,16,18,10.7,91,0.0,4.0
2023,1,16,21,10.2,92,0.0,0.0
2023,1,17,0,9.8,93,0.0,0.0
2023,1,17,3,11.5,94,0.0,0.0
2023,1,17,6,14.4,88,0.0,5.0
2023,1,17,9,20.0,63,0.0,7.0
2023,1,17,12,15.5,83,0.0,0.0
2023,1,17,15,12.5,87,0.0,0.0
2023,1,17,18,10.8,90,0.0,0.0
2023,1,17,21,10.0,92,0.0,0.0
2023,1,18,0,9.2,94,0.0,0.0
2023,1,18,3,10.5,83,0.0,0.0
2023,1,18,6,21.0,57,0.0,5.0
2023,1,18,9,22.4,48,0.0,5.0
2023,1,18,12,17.6,74,0.0,0.0
2023,1,18,15,13.2,90,0.0,0.0
2023,1,18,18,11.2,92,0.0,0.0
2023,1,18,21,10.0,93,0.0,0.0
2023,1,19,0,9.2,94,0.0,0.0
2023,1,19,3,12.5,94,0.0,0.0
2023,1,19,6,20.5,57,0.0,0.0
2023,1,19,9,22.8,51,0.0,5.0
2023,1,19,12,19.0,69,0.0,0.0
2023,1,19,15,14.5,90,0.0,5.0
2023,1,19,18,12.0,92,0.0,5.0
2023,1,19,21,10.0,93,0.0,5.0
2023,1,20,0,10.0,95,0.0,5.0
2023,1,20,3,12.8,90,0.0,0.0
2023,1,20,6,21.4,60,0.0,0.0
2023,1,20,9,24.2,47,0.0,0.0
2023,1,20,12,20.0,70,0.0,0.0
2023,1,20,15,15.0,89,0.0,0.0
2023,1,20,18,13.0,90,0.0,0.0
2023,1,20,21,11.2,92,0.0,0.0
2023,1,21,0,10.5,93,0.0,0.0
2023,1,21,3,14.4,91,0.0,0.0
2023,1,21,6,23.2,51,0.0,0.0
2023,1,21,9,24.5,43,0.0,6.0
2023,1,21,12,18.8,69,0.0,0.0
2023,1,21,15,15.2,86,0.0,0.0
2023,1,21,18,13.4,88,0.0,0.0
2023,1,21,21,12.0,90,0.0,0.0
2023,1,22,0,11.0,92,0.0,0.0
2023,1,22,3,15.0,89,0.0,0.0
2023,1,22,6,22.2,67,0.0,0.0
2023,1,22,9,25.5,44,0.0,0.0
2023,1,22,12,19.2,74,0.0,0.0
2023,1,22,15,15.1,89,0.0,0.0
2023,1,22,18,13.3,90,0.0,0.0
2023,1,22,21,12.8,93,0.0,0.0
2023,1,23,0,12.5,94,0.0,0.0
2023,1,23,3,16.0,93,0.0,0.0
2023,1,23,6,22.5,59,0.0,0.0
2023,1,23,9,24.6,52,0.0,0.0
2023,1,23,12,21.0,74,0.0,0.0
2023,1,23,15,17.0,89,0.0,5.0
2023,1,23,18,14.4,92,0.0,0.0
2023,1,23,21,14.0,91,0.0,0.0
2023,1,24,0,13.5,94,0.0,5.0
2023,1,24,3,17.0,83,0.0,6.0
2023,1,24,6,23.0,55,0.0,8.0
2023,1,24,9,24.6,53,0.0,7.0
2023,1,24,12,21.4,68,0.0,0.0
2023,1,24,15,17.0,87,0.0,0.0
2023,1,24,18,15.6,91,0.0,0.0
2023,1,24,21,14.0,93,0.0,0.0
2023,1,25,0,13.0,94,0.0,0.0
2023,1,25,3,18.0,72,0.0,8.0
2023,1,25,6,24.5,50,0.0,5.0
2023,1,25,9,27.0,45,0.0,0.0
2023,1,25,12,22.5,68,0.0,0.0
2023,1,25,15,18.0,89,0.0,0.0
2023,1,25,18,15.8,91,0.0,0.0
2023,1,25,21,14.0,94,0.0,0.0
2023,1,26,0,13.5,92,0.0,6.0
2023,1,26,3,19.0,75,0.0,0.0
2023,1,26,6,26.0,47,0.0,5.0
2023,1,26,9,29.4,33,0.0,6.0
2023,1,26,12,23.0,55,0.0,0.0
2023,1,26,15,19.4,79,0.0,0.0
2023,1,26,18,17.0,84,0.0,0.0
2023,1,26,21,16.4,93,0.0,0.0
2023,1,27,0,15.6,93,0.0,0.0
2023,1,27,3,17.8,91,0.0,5.0
2023,1,27,6,22.5,72,0.0,5.0
2023,1,27,9,26.3,56,0.0,5.0
2023,1,27,12,22.2,76,0.0,5.0
2023,1,27,15,17.4,87,0.0,5.0
2023,1,27,18,16.0,89,0.0,5.0
2023,1,27,21,16.2,94,0.0,5.0
2023,1,28,0,16.5,97,0.0,5.0
2023,1,28,3,17.0,95,0.0,8.0
2023,1,28,6,19.0,86,0.0,8.0
2023,1,28,9,20.5,75,0.0,8.0
2023,1,28,12,19.8,82,0.0,6.0
2023,1,28,15,16.8,91,0.0,0.0
2023,1,28,18,15.2,94,0.0,0.0
2023,1,28,21,14.0,94,0.0,0.0
2023,1,29,0,13.0,95,0.0,0.0
2023,1,29,3,16.5,89,0.0,0.0
2023,1,29,6,24.2,63,0.0,0.0
2023,1,29,9,27.0,54,0.0,5.0
2023,1,29,12,22.4,73,0.0,0.0
2023,1,29,15,18.8,92,0.0,0.0
2023,1,29,18,17.0,94,0.0,0.0
2023,1,29,21,16.5,94,0.0,0.0
2023,1,30,0,15.5,95,0.0,5.0
2023,1,30,3,19.8,79,0.0,6.0
2023,1,30,6,27.0,52,0.0,8.0
2023,1,30,9,29.5,46,0.0,5.0
2023,1,30,12,23.0,72,0.0,0.0
2023,1,30,15,19.0,90,0.0,0.0
2023,1,30,18,17.4,85,0.0,0.0
2023,1,30,21,17.4,89,0.0,0.0
2023,1,31,0,17.6,94,0.0,0.0
2023,1,31,3,20.0,90,0.0,8.0
2023,1,31,6,26.2,61,0.0,6.0
2023,1,31,9,28.6,50,0.0,8.0
2023,1,31,12,24.5,67,0.0,6.0
2023,1,31,15,21.0,80,0.0,5.0
2023,1,31,18,19.2,84,0.0,5.0
2023,1,31,21,18.0,87,0.0,5.0
2023,2,1,0,17.0,89,0.0,5.0
2023,2,1,3,19.8,79,0.0,10.0
2023,2,1,6,21.5,67,0.0,10.0
2023,2,1,9,20.8,77,0.0,6.0
2023,2,1,12,21.0,73,0.0,4.0
2023,2,1,15,17.0,84,0.0,6.0
2023,2,1,18,15.6,90,0.0,6.0
2023,2,1,21,12.0,87,0.0,6.0
2023,2,2,0,10.2,95,0.0,6.0
2023,2,2,3,13.5,92,0.0,4.0
2023,2,2,6,23.0,53,0.0,6.0
2023,2,2,9,25.5,47,0.0,5.0
2023,2,2,12,20.5,67,0.0,5.0
2023,2,2,15,16.0,89,0.0,0.0
2023,2,2,18,15.0,92,0.0,0.0
2023,2,2,21,14.2,93,0.0,8.0
2023,2,3,0,14.2,93,0.0,8.0
2023,2,3,3,16.6,83,0.0,5.0
2023,2,3,6,22.2,54,0.0,5.0
2023,2,3,9,27.0,54,0.0,6.0
2023,2,3,12,22.8,68,0.0,5.0
2023,2,3,15,18.0,83,0.0,6.0
2023,2,3,18,16.0,86,0.0,6.0
2023,2,3,21,14.4,91,0.0,5.0
2023,2,4,0,13.5,94,0.0,5.0
2023,2,4,3,16.0,89,0.0,8.0
2023,2,4,6,24.5,58,0.0,6.0
2023,2,4,9,27.8,48,0.0,8.0
2023,2,4,12,22.0,65,0.0,5.0
2023,2,4,15,17.4,86,0.0,5.0
2023,2,4,18,15.8,91,0.0,0.0
2023,2,4,21,14.0,92,0.0,5.0
2023,2,5,0,15.0,94,0.0,8.0
2023,2,5,3,16.0,92,0.0,5.0
2023,2,5,6,17.8,87,0.0,6.0
2023,2,5,9,21.0,67,0.0,0.0
2023,2,5,12,18.5,81,0.0,0.0
2023,2,5,15,15.6,93,0.0,0.0
2023,2,5,18,15.0,95,0.0,0.0
2023,2,5,21,14.0,95,0.0,0.0
2023,2,6,0,13.0,97,0.0,0.0
2023,2,6,3,15.4,93,0.0,0.0
2023,2,6,6,22.0,72,0.0,5.0
2023,2,6,9,26.2,57,0.0,5.0
2023,2,6,12,21.0,76,0.0,0.0
2023,2,6,15,16.5,89,0.0,0.0
2023,2,6,18,14.5,94,0.0,0.0
2023,2,6,21,13.4,95,0.0,0.0
2023,2,7,0,12.6,96,0.0,5.0
2023,2,7,3,18.0,76,0.0,0.0
2023,2,7,6,25.5,44,0.0,5.0
2023,2,7,9,27.0,45,0.0,0.0
2023,2,7,12,21.5,76,0.0,0.0
2023,2,7,15,17.4,87,0.0,5.0
2023,2,7,18,14.6,91,0.0,1.0
2023,2,7,21,15.0,93,0.0,5.0
2023,2,8,0,16.0,94,0.0,6.0
2023,2,8,3,19.5,85,0.0,6.0
2023,2,8,6,25.0,43,0.0,5.0
2023,2,8,9,28.0,43,0.0,1.0
2023,2,8,12,22.2,70,0.0,0.0
2023,2,8,15,17.8,86,0.0,0.0
2023,2,8,18,16.2,89,0.0,0.0
2023,2,8,21,15.5,89,0.0,5.0
2023,2,9,0,16.0,89,0.0,5.0
2023,2,9,3,18.2,76,0.0,5.0
2023,2,9,6,23.4,60,0.0,5.0
2023,2,9,9,25.6,58,0.0,0.0
2023,2,9,12,22.0,76,0.0,8.0
2023,2,9,15,18.0,83,0.0,0.0
2023,2,9,18,16.2,87,0.0,0.0
2023,2,9,21,15.6,89,0.0,0.0
2023,2,10,0,14.8,91,0.0,0.0
2023,2,10,3,18.5,74,0.0,6.0
2023,2,10,6,24.5,50,0.0,0.0
2023,2,10,9,27.0,51,0.0,0.0
2023,2,10,12,22.5,68,0.0,5.0
2023,2,10,15,18.0,89,0.0,0.0
2023,2,10,18,15.5,92,0.0,0.0
2023,2,10,21,15.2,93,0.0,0.0
2023,2,11,0,15.0,98,0.0,0.0
2023,2,11,3,19.2,88,0.0,0.0
2023,2,11,6,25.5,55,0.0,5.0
2023,2,11,9,27.0,45,0.0,0.0
2023,2,11,12,21.5,72,0.0,0.0
2023,2,11,15,18.5,85,0.0,5.0
2023,2,11,18,17.0,89,0.0,5.0
2023,2,11,21,16.0,92,0.0,0.0
2023,2,12,0,15.5,94,0.0,0.0
2023,2,12,3,20.4,79,0.0,5.0
2023,2,12,6,27.5,55,0.0,8.0
2023,2,12,9,29.2,46,0.0,12.0
2023,2,12,12,24.5,65,0.0,10.0
2023,2,12,15,21.5,72,0.0,10.0
2023,2,12,18,18.2,84,0.0,8.0
2023,2,12,21,16.4,67,0.0,8.0
2023,2,13,0,15.4,55,0.0,8.0
2023,2,13,3,20.0,42,0.0,9.0
2023,2,13,6,24.0,34,0.0,8.0
2023,2,13,9,26.5,29,0.0,8.0
2023,2,13,12,22.8,41,0.0,5.0
2023,2,13,15,16.4,71,0.0,5.0
2023,2,13,18,15.2,76,0.0,5.0
2023,2,13,21,13.5,88,0.0,0.0
2023,2,14,0,11.6,92,0.0,0.0
2023,2,14,3,16.0,77,0.0,0.0
2023,2,14,6,25.0,43,0.0,5.0
2023,2,14,9,26.5,38,0.0,5.0
2023,2,14,12,23.0,52,0.0,5.0
2023,2,14,15,18.0,78,0.0,5.0
2023,2,14,18,16.4,85,0.0,5.0
2023,2,14,21,15.0,80,0.0,0.0
2023,2,15,0,14.0,88,0.0,0.0
2023,2,15,3,18.8,66,0.0,5.0
2023,2,15,6,25.0,46,0.0,0.0
2023,2,15,9,28.2,37,0.0,5.0
2023,2,15,12,23.5,61,0.0,0.0
2023,2,15,15,19.5,83,0.0,0.0
2023,2,15,18,18.4,89,0.0,5.0
2023,2,15,21,16.5,89,0.0,5.0
2023,2,16,0,15.0,94,0.0,0.0
2023,2,16,3,20.3,72,0.0,0.0
2023,2,16,6,24.4,54,0.0,6.0
2023,2,16,9,28.5,45,0.0,5.0
2023,2,16,12,25.0,58,0.0,5.0
2023,2,16,15,20.1,86,0.0,0.0
2023,2,16,18,17.8,89,0.0,0.0
2023,2,16,21,17.0,92,0.0,0.0
2023,2,17,0,16.0,94,0.0,5.0
2023,2,17,3,21.0,71,0.0,5.0
2023,2,17,6,29.0,39,0.0,0.0
2023,2,17,9,30.2,34,0.0,5.0
2023,2,17,12,26.5,52,0.0,0.0
2023,2,17,15,20.5,80,0.0,0.0
2023,2,17,18,18.0,84,0.0,0.0
2023,2,17,21,17.2,91,0.0,0.0
2023,2,18,0,16.2,96,0.0,0.0
2023,2,18,3,21.0,75,0.0,0.0
2023,2,18,6,28.5,45,0.0,5.0
2023,2,18,9,30.2,41,0.0,4.0
2023,2,18,12,26.4,48,0.0,0.0
2023,2,18,15,21.0,80,0.0,0.0
2023,2,18,18,18.4,86,0.0,0.0
2023,2,18,21,18.0,94,0.0,0.0
2023,2,19,0,17.3,95,0.0,0.0
2023,2,19,3,21.4,82,0.0,0.0
2023,2,19,6,29.5,40,0.0,5.0
2023,2,19,9,31.0,38,0.0,5.0
2023,2,19,12,26.0,66,0.0,0.0
2023,2,19,15,22.8,84,0.0,0.0
2023,2,19,18,21.0,87,0.0,0.0
2023,2,19,21,20.0,90,0.0,0.0
2023,2,20,0,19.0,90,0.0,0.0
2023,2,20,3,21.4,82,0.0,0.0
2023,2,20,6,29.0,49,0.0,0.0
2023,2,20,9,29.6,51,0.0,5.0
2023,2,20,12,26.0,70,0.0,0.0
2023,2,20,15,22.5,86,0.0,0.0
2023,2,20,18,21.2,87,0.0,0.0
2023,2,20,21,20.4,90,0.0,0.0
2023,2,21,0,20.4,92,0.0,0.0
2023,2,21,3,22.4,91,0.0,0.0
2023,2,21,6,28.5,64,0.0,0.0
2023,2,21,9,29.0,58,0.0,6.0
2023,2,21,12,24.8,67,0.0,5.0
2023,2,21,15,23.0,81,0.0,0.0
2023,2,21,18,20.4,86,0.0,0.0
2023,2,21,21,21.6,92,0.0,0.0
2023,2,22,0,21.0,95,0.0,0.0
2023,2,22,3,22.8,88,0.0,0.0
2023,2,22,6,27.0,67,0.0,6.0
2023,2,22,9,29.0,61,0.0,8.0
2023,2,22,12,27.0,75,0.0,5.0
2023,2,22,15,23.5,87,0.0,0.0
2023,2,22,18,21.2,92,0.0,0.0
2023,2,22,21,20.6,93,0.0,0.0
2023,2,23,0,21.6,94,0.0,6.0
2023,2,23,3,23.0,72,0.0,6.0
2023,2,23,6,29.0,45,0.0,6.0
2023,2,23,9,32.5,31,0.0,10.0
2023,2,23,12,28.0,46,0.0,4.0
2023,2,23,15,20.5,80,0.0,0.0
2023,2,23,18,19.0,85,0.0,0.0
2023,2,23,21,18.0,89,0.0,0.0
2023,2,24,0,17.0,93,0.0,0.0
2023,2,24,3,19.7,85,0.0,5.0
2023,2,24,6,25.5,62,0.0,6.0
2023,2,24,9,28.8,50,0.0,0.0
2023,2,24,12,26.4,67,0.0,0.0
2023,2,24,15,21.0,86,0.0,0.0
2023,2,24,18,19.0,90,0.0,0.0
2023,2,24,21,18.0,89,0.0,6.0
2023,2,25,0,17.0,89,0.0,8.0
2023,2,25,3,22.0,76,0.0,8.0
2023,2,25,6,27.4,52,0.0,7.0
2023,2,25,9,29.0,48,0.0,5.0
2023,2,25,12,26.4,61,0.0,0.0
2023,2,25,15,21.5,86,0.0,0.0
2023,2,25,18,19.6,90,0.0,0.0
2023,2,25,21,17.2,91,0.0,0.0
2023,2,26,0,16.8,93,0.0,0.0
2023,2,26,3,22.5,72,0.0,0.0
2023,2,26,6,29.0,41,0.0,8.0
2023,2,26,9,31.0,40,0.2,6.0
2023,2,26,12,26.3,58,0.0,5.0
2023,2,26,15,20.8,83,0.0,0.0
2023,2,26,18,18.5,88,0.0,0.0
2023,2,26,21,17.2,91,0.0,0.0
2023,2,27,0,16.6,95,0.0,0.0
2023,2,27,3,21.5,76,0.0,0.0
2023,2,27,6,28.5,38,0.0,6.0
2023,2,27,9,31.0,40,0.0,5.0
2023,2,27,12,27.5,50,0.0,0.0
2023,2,27,15,20.5,86,0.0,0.0
2023,2,27,18,18.2,89,0.0,0.0
2023,2,27,21,17.2,92,0.0,0.0
2023,2,28,0,16.2,96,0.0,0.0
2023,2,28,3,22.5,75,0.0,0.0
2023,2,28,6,28.5,45,0.0,5.0
2023,2,28,9,29.8,39,0.0,6.0
2023,2,28,12,27.0,58,0.0,5.0
2023,2,28,15,21.8,80,0.0,0.0
2023,2,28,18,20.5,86,0.0,0.0
2023,2,28,21,20.0,86,0.0,5.0
2023,3,1,0,19.2,86,0.0,6.0
2023,3,1,3,22.0,68,0.0,6.0
2023,3,1,6,27.6,52,0.0,5.0
2023,3,1,9,29.0,49,0.0,0.0
2023,3,1,12,26.4,61,0.0,0.0
2023,3,1,15,22.8,81,0.0,4.0
2023,3,1,18,21.0,86,0.0,0.0
2023,3,1,21,19.8,87,0.0,0.0
2023,3,2,0,18.2,92,0.0,0.0
2023,3,2,3,22.5,72,0.0,6.0
2023,3,2,6,29.0,48,0.0,6.0
2023,3,2,9,31.5,44,0.0,0.0
2023,3,2,12,27.7,62,0.0,0.0
2023,3,2,15,23.0,85,0.0,5.0
2023,3,2,18,21.2,86,0.0,0.0
2023,3,2,21,20.8,88,0.0,0.0
2023,3,3,0,20.0,90,0.0,0.0
2023,3,3,3,23.4,62,0.0,6.0
2023,3,3,6,29.0,48,0.0,5.0
2023,3,3,9,31.2,43,0.0,5.0
2023,3,3,12,28.0,60,0.0,0.0
2023,3,3,15,23.0,86,0.0,0.0
2023,3,3,18,20.8,90,0.0,0.0
2023,3,3,21,20.2,91,0.0,0.0
2023,3,4,0,19.5,92,0.0,0.0
2023,3,4,3,23.0,74,0.0,6.0
2023,3,4,6,29.5,49,0.0,5.0
2023,3,4,9,31.0,43,0.0,6.0
2023,3,4,12,28.5,61,0.0,5.0
2023,3,4,15,23.4,85,0.0,5.0
2023,3,4,18,21.0,88,0.0,0.0
2023,3,4,21,20.4,90,0.0,0.0
2023,3,5,0,20.0,95,0.0,0.0
2023,3,5,3,24.8,74,0.0,0.0
2023,3,5,6,30.6,46,0.0,6.0
2023,3,5,9,31.8,44,0.0,5.0
2023,3,5,12,28.5,62,0.0,5.0
2023,3,5,15,24.0,84,0.0,5.0
2023,3,5,18,22.0,86,0.0,5.0
2023,3,5,21,20.5,86,0.0,5.0
2023,3,6,0,19.0,88,0.0,6.0
2023,3,6,3,23.8,67,0.0,8.0
2023,3,6,6,29.5,50,0.0,8.0
2023,3,6,9,33.5,41,0.0,8.0
2023,3,6,12,29.5,42,0.0,6.0
2023,3,6,15,23.0,72,0.0,5.0
2023,3,6,18,21.7,74,0.0,4.0
2023,3,6,21,20.7,78,0.0,0.0
2023,3,7,0,17.0,89,0.0,5.0
2023,3,7,3,23.8,57,0.0,6.0
2023,3,7,6,30.0,55,0.0,8.0
2023,3,7,9,33.2,28,0.0,10.0
2023,3,7,12,28.0,46,0.0,6.0
2023,3,7,15,21.5,66,0.0,5.0
2023,3,7,18,20.8,80,0.0,4.0
2023,3,7,21,18.2,89,0.0,0.0
2023,3,8,0,17.0,91,0.0,0.0
2023,3,8,3,24.5,50,0.0,4.0
2023,3,8,6,30.0,42,0.0,6.0
2023,3,8,9,32.5,33,0.0,8.0
2023,3,8,12,28.0,50,0.0,5.0
2023,3,8,15,23.8,67,0.0,5.0
2023,3,8,18,22.0,79,0.0,5.0
2023,3,8,21,20.2,90,0.0,5.0
2023,3,9,0,17.0,93,0.0,5.0
2023,3,9,3,20.8,77,0.0,5.0
2023,3,9,6,30.6,43,0.0,6.0
2023,3,9,9,34.0,33,0.0,8.0
2023,3,9,12,29.0,49,0.0,5.0
2023,3,9,15,22.5,72,0.0,4.0
2023,3,9,18,22.0,79,0.0,5.0
2023,3,9,21,20.0,85,0.0,5.0
2023,3,10,0,17.7,89,0.0,6.0
2023,3,10,3,24.0,64,0.0,5.0
2023,3,10,6,31.0,40,0.0,6.0
2023,3,10,9,33.8,33,0.0,8.0
2023,3,10,12,29.0,51,0.0,5.0
2023,3,10,15,23.0,77,0.0,0.0
2023,3,10,18,22.4,68,0.0,0.0
2023,3,10,21,21.0,78,0.0,0.0
2023,3,11,0,19.5,90,0.0,5.0
2023,3,11,3,25.5,61,0.0,5.0
2023,3,11,6,31.6,41,0.0,5.0
2023,3,11,9,34.2,32,0.0,8.0
2023,3,11,12,30.0,46,0.0,5.0
2023,3,11,15,23.5,73,0.0,0.0
2023,3,11,18,21.8,84,0.0,0.0
2023,3,11,21,20.2,90,0.0,6.0
2023,3,12,0,20.0,85,0.0,5.0
2023,3,12,3,25.6,54,0.0,6.0
2023,3,12,6,31.8,36,0.0,6.0
2023,3,12,9,34.4,31,0.0,8.0
2023,3,12,12,30.0,41,0.0,5.0
2023,3,12,15,23.0,72,0.0,0.0
2023,3,12,18,22.4,79,0.0,0.0
2023,3,12,21,20.6,87,0.0,0.0
2023,3,13,0,18.2,94,0.0,0.0
2023,3,13,3,26.5,56,0.0,5.0
2023,3,13,6,32.0,42,0.0,6.0
2023,3,13,9,34.2,37,0.0,6.0
2023,3,13,12,29.8,51,0.0,5.0
2023,3,13,15,24.0,73,0.0,5.0
2023,3,13,18,22.2,80,0.0,5.0
2023,3,13,21,20.8,90,0.0,5.0
2023,3,14,0,19.2,96,0.0,5.0
2023,3,14,3,24.0,73,0.0,5.0
2023,3,14,6,32.3,46,0.0,5.0
2023,3,14,9,34.0,33,0.0,6.0
2023,3,14,12,31.0,50,0.0,5.0
2023,3,14,15,25.0,74,0.0,0.0
2023,3,14,18,23.0,81,0.0,0.0
2023,3,14,21,22.0,89,0.0,0.0
2023,3,15,0,21.4,91,0.0,0.0
2023,3,15,3,24.8,74,0.0,5.0
2023,3,15,6,31.0,53,0.0,8.0
2023,3,15,9,32.5,45,0.0,6.0
2023,3,15,12,30.0,58,0.0,6.0
2023,3,15,15,24.4,61,0.0,10.0
2023,3,15,18,21.0,71,0.0,1.0
2023,3,15,21,18.0,84,0.0,8.0
2023,3,16,0,18.0,89,0.0,5.0
2023,3,16,3,22.0,70,0.0,8.0
2023,3,16,6,26.6,47,0.0,6.0
2023,3,16,9,28.6,53,0.0,8.0
2023,3,16,12,26.0,62,0.0,5.0
2023,3,16,15,23.0,72,0.0,6.0
2023,3,16,18,20.8,83,0.0,6.0
2023,3,16,21,21.0,83,0.0,5.0
2023,3,17,0,21.3,80,0.0,6.0
2023,3,17,3,23.0,71,0.0,8.0
2023,3,17,6,28.5,54,0.0,8.0
2023,3,17,9,29.8,52,0.0,5.0
2023,3,17,12,26.0,76,0.0,5.0
2023,3,17,15,24.4,75,0.0,8.0
2023,3,17,18,23.0,81,0.0,5.0
2023,3,17,21,21.4,87,0.0,5.0
2023,3,18,0,20.4,88,0.0,0.0
2023,3,18,3,23.6,69,0.0,9.0
2023,3,18,6,29.5,49,0.0,5.0
2023,3,18,9,30.2,46,0.0,5.0
2023,3,18,12,28.0,53,0.0,5.0
2023,3,18,15,23.8,76,0.0,5.0
2023,3,18,18,22.6,81,0.0,5.0
2023,3,18,21,21.4,93,5.0,5.0
2023,3,19,0,21.0,95,0.0,5.0
2023,3,19,3,22.0,91,0.0,8.0
2023,3,19,6,23.6,76,0.0,8.0
2023,3,19,9,24.5,78,0.0,1.0
2023,3,19,12,22.8,78,0.0,9.0
2023,3,19,15,22.4,82,0.0,6.0
2023,3,19,18,20.5,89,0.0,5.0
2023,3,19,21,20.0,92,15.0,5.0
2023,3,20,0,19.6,94,21.0,5.0
2023,3,20,3,19.2,98,58.6,0.0
2023,3,20,6,24.0,77,0.0,4.0
2023,3,20,9,23.0,76,0.0,5.0
2023,3,20,12,21.2,85,0.0,5.0
2023,3,20,15,20.6,90,0.0,5.0
2023,3,20,18,19.6,92,1.0,5.0
2023,3,20,21,19.4,92,0.0,5.0
2023,3,21,0,20.0,94,0.0,5.0
2023,3,21,3,21.4,87,0.0,5.0
2023,3,21,6,25.5,60,0.0,5.0
2023,3,21,9,28.0,56,0.0,0.0
2023,3,21,12,25.5,64,0.0,0.0
2023,3,21,15,23.0,72,0.0,0.0
2023,3,21,18,21.0,80,0.0,0.0
2023,3,21,21,20.4,90,0.0,0.0
2023,3,22,0,20.0,90,0.0,0.0
2023,3,22,3,23.0,75,0.0,5.0
2023,3,22,6,28.0,60,0.0,6.0
2023,3,22,9,29.5,49,0.0,8.0
2023,3,22,12,27.0,59,0.0,5.0
2023,3,22,15,24.0,69,0.0,8.0
2023,3,22,18,22.0,80,0.0,8.0
2023,3,22,21,20.8,90,0.0,5.0
2023,3,23,0,20.2,96,0.0,5.0
2023,3,23,3,23.0,86,0.0,6.0
2023,3,23,6,29.4,42,0.0,10.0
2023,3,23,9,31.0,43,0.0,10.0
2023,3,23,12,27.5,60,0.0,5.0
2023,3,23,15,23.2,77,0.0,5.0
2023,3,23,18,21.0,83,0.0,7.0
2023,3,23,21,21.2,90,0.0,5.0
2023,3,24,0,21.4,92,0.0,5.0
2023,3,24,3,23.0,81,0.0,6.0
2023,3,24,6,28.0,58,0.0,5.0
2023,3,24,9,29.5,59,0.0,7.0
2023,3,24,12,27.0,67,0.0,5.0
2023,3,24,15,23.0,81,0.0,6.0
2023,3,24,18,20.5,88,0.0,5.0
2023,3,24,21,20.0,88,0.0,5.0
2023,3,25,0,19.6,89,0.0,8.0
2023,3,25,3,24.0,69,0.0,1.0
2023,3,25,6,28.5,56,0.0,6.0
2023,3,25,9,30.5,58,0.0,6.0
2023,3,25,12,28.4,64,0.0,0.0
2023,3,25,15,25.5,78,0.0,6.0
2023,3,25,18,22.4,89,0.0,5.0
2023,3,25,21,22.2,90,0.0,5.0
2023,3,26,0,22.0,91,0.0,5.0
2023,3,26,3,26.0,74,0.0,5.0
2023,3,26,6,29.8,57,0.0,6.0
2023,3,26,9,34.2,40,0.0,8.0
2023,3,26,12,30.4,52,0.0,5.0
2023,3,26,15,25.4,79,0.0,4.0
2023,3,26,18,23.2,84,0.0,5.0
2023,3,26,21,22.4,87,0.0,5.0
2023,3,27,0,22.3,83,0.0,5.0
2023,3,27,3,26.4,60,0.0,6.0
2023,3,27,6,33.0,43,0.0,8.0
2023,3,27,9,33.5,32,0.0,8.0
2023,3,27,12,30.0,49,0.0,5.0
2023,3,27,15,25.0,74,0.0,0.0
2023,3,27,18,22.4,87,0.0,0.0
2023,3,27,21,21.6,89,0.0,6.0
2023,3,28,0,21.0,90,0.0,8.0
2023,3,28,3,26.2,54,0.0,6.0
2023,3,28,6,33.0,34,0.0,8.0
2023,3,28,9,34.2,29,0.0,10.0
2023,3,28,12,29.6,48,0.0,5.0
2023,3,28,15,24.5,65,0.0,5.0
2023,3,28,18,22.8,74,0.0,5.0
2023,3,28,21,22.4,77,0.0,6.0
2023,3,29,0,21.6,80,0.0,3.0
2023,3,29,3,25.0,70,0.0,8.0
2023,3,29,6,29.8,59,0.0,6.0
2023,3,29,9,32.5,43,0.0,5.0
2023,3,29,12,28.5,61,0.0,8.0
2023,3,29,15,25.0,76,0.0,7.0
2023,3,29,18,23.0,89,0.0,5.0
2023,3,29,21,22.0,84,0.0,5.0
2023,3,30,0,21.6,85,0.0,5.0
2023,3,30,3,24.0,69,0.0,1.0
2023,3,30,6,28.5,54,0.0,1.0
2023,3,30,9,30.0,55,0.0,6.0
2023,3,30,12,27.5,72,0.0,5.0
2023,3,30,15,25.0,79,0.0,6.0
2023,3,30,18,22.5,84,0.0,5.0
2023,3,30,21,22.4,87,0.0,5.0
2023,3,31,0,22.2,92,0.0,5.0
2023,3,31,3,25.0,74,0.0,5.0
2023,3,31,6,28.2,60,0.0,5.0
2023,3,31,9,29.0,54,0.0,8.0
2023,3,31,12,26.8,67,0.0,5.0
2023,3,31,15,25.0,78,0.0,0.0
2023,3,31,18,23.5,87,0.0,0.0
2023,3,31,21,21.4,92,0.0,6.0
2023,4,1,0,20.4,90,22.0,6.0
2023,4,1,3,24.0,73,0.0,0.0
2023,4,1,6,29.5,53,0.0,0.0
2023,4,1,9,29.2,53,0.0,0.0
2023,4,1,12,27.0,67,0.0,6.0
2023,4,1,15,24.0,87,0.0,5.0
2023,4,1,18,18.0,98,18.0,9.0
2023,4,1,21,18.0,95,3.0,5.0
2023,4,2,0,18.4,94,2.0,5.0
2023,4,2,3,22.4,77,0.0,5.0
2023,4,2,6,28.0,60,0.0,5.0
2023,4,2,9,28.8,56,0.0,6.0
2023,4,2,12,25.0,68,0.0,6.0
2023,4,2,15,23.2,84,0.0,0.0
2023,4,2,18,22.2,87,0.0,5.0
2023,4,2,21,21.6,90,0.0,6.0
2023,4,3,0,21.0,90,0.0,0.0
2023,4,3,3,26.2,64,0.0,6.0
2023,4,3,6,31.0,43,0.0,8.0
2023,4,3,9,32.5,40,0.0,10.0
2023,4,3,12,29.6,55,0.0,0.0
2023,4,3,15,24.2,76,0.0,5.0
2023,4,3,18,22.8,81,0.0,5.0
2023,4,3,21,21.0,90,0.0,5.0
2023,4,4,0,20.4,90,0.0,8.0
2023,4,4,3,23.4,73,0.0,8.0
2023,4,4,6,27.0,63,0.0,6.0
2023,4,4,9,30.2,54,0.0,5.0
2023,4,4,12,28.4,64,0.0,3.0
2023,4,4,15,25.5,78,0.0,5.0
2023,4,4,18,23.0,86,0.0,6.0
2023,4,4,21,22.0,87,0.0,4.0
2023,4,5,0,20.6,90,0.0,5.0
2023,4,5,3,25.0,72,0.0,6.0
2023,4,5,6,30.0,62,0.0,8.0
2023,4,5,9,33.0,40,0.0,8.0
2023,4,5,12,29.5,52,0.0,5.0
2023,4,5,15,24.5,78,0.0,5.0
2023,4,5,18,22.4,87,0.0,8.0
2023,4,5,21,21.4,88,0.0,5.0
2023,4,6,0,20.2,91,0.0,5.0
2023,4,6,3,24.0,78,0.0,5.0
2023,4,6,6,30.4,49,0.0,5.0
2023,4,6,9,34.5,28,0.0,6.0
2023,4,6,12,30.5,40,0.0,6.0
2023,4,6,15,28.0,50,0.0,6.0
2023,4,6,18,22.5,72,0.0,6.0
2023,4,6,21,21.2,80,0.0,5.0
2023,4,7,0,20.4,84,0.0,5.0
2023,4,7,3,27.0,67,0.0,0.0
2023,4,7,6,31.0,50,0.0,0.0
2023,4,7,9,33.5,44,0.0,5.0
2023,4,7,12,30.2,50,0.0,5.0
2023,4,7,15,25.0,74,0.0,6.0
2023,4,7,18,22.0,86,0.0,6.0
2023,4,7,21,21.8,87,0.0,5.0
2023,4,8,0,21.6,87,0.0,6.0
2023,4,8,3,27.5,67,0.0,5.0
2023,4,8,6,31.6,53,0.0,3.0
2023,4,8,9,34.0,35,0.0,5.0
2023,4,8,12,31.4,53,0.0,5.0
2023,4,8,15,27.5,75,0.0,0.0
2023,4,8,18,22.5,81,0.0,0.0
2023,4,8,21,22.0,87,0.0,0.0
2023,4,9,0,22.5,93,0.0,0.0
2023,4,9,3,27.8,65,0.0,0.0
2023,4,9,6,33.0,40,0.0,6.0
2023,4,9,9,35.0,30,0.0,8.0
2023,4,9,12,31.4,43,0.0,5.0
2023,4,9,15,25.4,74,0.0,0.0
2023,4,9,18,23.0,81,0.0,5.0
2023,4,9,21,22.4,87,0.0,5.0
2023,4,10,0,21.6,72,0.0,6.0
2023,4,10,3,28.6,50,0.0,5.0
2023,4,10,6,34.2,32,0.0,8.0
2023,4,10,9,36.5,32,0.0,8.0
2023,4,10,12,31.0,47,0.0,6.0
2023,4,10,15,26.5,71,0.0,5.0
2023,4,10,18,22.5,77,0.0,7.0
2023,4,10,21,21.6,73,0.0,5.0
2023,4,11,0,20.0,78,0.0,5.0
2023,4,11,3,29.0,41,0.0,6.0
2023,4,11,6,34.0,33,0.0,5.0
2023,4,11,9,36.0,24,0.0,8.0
2023,4,11,12,30.6,46,0.0,5.0
2023,4,11,15,24.0,73,0.0,5.0
2023,4,11,18,22.0,80,0.0,8.0
2023,4,11,21,21.5,80,0.0,6.0
2023,4,12,0,20.6,80,0.0,6.0
2023,4,12,3,27.5,53,0.0,6.0
2023,4,12,6,34.0,31,0.0,5.0
2023,4,12,9,35.4,28,0.0,6.0
2023,4,12,12,32.0,46,0.0,4.0
2023,4,12,15,27.0,67,0.0,6.0
2023,4,12,18,22.5,77,0.0,6.0
2023,4,12,21,22.0,80,0.0,5.0
2023,4,13,0,21.6,85,0.0,5.0
2023,4,13,3,29.0,52,0.0,6.0
2023,4,13,6,33.0,45,0.0,6.0
2023,4,13,9,35.3,34,0.0,4.0
2023,4,13,12,32.4,51,0.0,4.0
2023,4,13,15,27.0,78,0.0,4.0
2023,4,13,18,23.0,86,0.0,4.0
2023,4,13,21,23.0,86,0.0,6.0
2023,4,14,0,23.0,87,0.0,6.0
2023,4,14,3,27.6,67,0.0,6.0
2023,4,14,6,33.4,49,0.0,5.0
2023,4,14,9,37.0,42,0.0,5.0
2023,4,14,12,33.0,63,0.0,0.0
2023,4,14,15,29.0,76,0.0,4.0
2023,4,14,18,26.2,88,0.0,5.0
2023,4,14,21,23.4,91,0.0,0.0
2023,4,15,0,24.4,91,0.0,0.0
2023,4,15,3,30.0,63,0.0,7.0
2023,4,15,6,34.4,50,0.0,6.0
2023,4,15,9,36.4,44,0.0,5.0
2023,4,15,12,34.0,55,0.0,5.0
2023,4,15,15,28.5,83,0.0,0.0
2023,4,15,18,27.0,83,0.0,0.0
2023,4,15,21,25.5,92,0.0,0.0
2023,4,16,0,25.3,92,0.0,0.0
2023,4,16,3,29.4,68,0.0,5.0
2023,4,16,6,34.0,41,0.0,6.0
2023,4,16,9,35.8,45,0.0,6.0
2023,4,16,12,32.0,63,0.0,5.0
2023,4,16,15,29.0,80,0.0,5.0
2023,4,16,18,27.2,81,0.0,5.0
2023,4,16,21,24.4,84,0.0,5.0
2023,4,17,0,23.6,86,0.0,6.0
2023,4,17,3,30.0,62,0.0,6.0
2023,4,17,6,36.0,39,0.0,6.0
2023,4,17,9,39.0,32,0.0,5.0
2023,4,17,12,34.4,50,0.0,5.0
2023,4,17,15,29.4,73,0.0,6.0
2023,4,17,18,26.3,80,0.0,7.0
2023,4,17,21,25.5,90,0.0,5.0
2023,4,18,0,24.0,93,0.0,5.0
2023,4,18,3,29.4,77,0.0,5.0
2023,4,18,6,34.6,55,0.0,6.0
2023,4,18,9,37.0,54,0.0,8.0
2023,4,18,12,34.2,67,0.0,8.0
2023,4,18,15,30.4,85,0.0,6.0
2023,4,18,18,27.5,93,0.0,6.0
2023,4,18,21,27.0,96,0.0,6.0
2023,4,19,0,27.0,96,0.0,6.0
2023,4,19,3,30.6,83,0.0,6.0
2023,4,19,6,34.8,55,0.0,8.0
2023,4,19,9,38.0,47,0.0,8.0
2023,4,19,12,35.0,45,0.0,0.0
2023,4,19,15,30.0,65,0.0,5.0
2023,4,19,18,27.0,75,0.0,5.0
2023,4,19,21,25.5,78,0.0,8.0
2023,4,20,0,24.4,81,0.0,1.0
2023,4,20,3,29.0,76,0.0,8.0
2023,4,20,6,31.3,64,0.0,8.0
2023,4,20,9,34.5,62,0.0,5.0
2023,4,20,12,33.0,64,0.0,6.0
2023,4,20,15,28.0,75,0.0,6.0
2023,4,20,18,26.2,78,0.0,7.0
2023,4,20,21,26.0,82,0.0,5.0
2023,4,21,0,26.2,85,0.0,5.0
2023,4,21,3,27.2,74,0.0,8.0
2023,4,21,6,30.5,50,0.0,7.0
2023,4,21,9,34.0,57,0.0,8.0
2023,4,21,12,32.5,70,0.0,5.0
2023,4,21,15,27.5,79,0.0,5.0
2023,4,21,18,25.5,82,0.0,6.0
2023,4,21,21,24.0,81,0.0,5.0
2023,4,22,0,23.0,87,0.4,8.0
2023,4,22,3,27.5,64,0.0,6.0
2023,4,22,6,30.5,53,0.0,1.0
2023,4,22,9,33.0,44,0.0,8.0
2023,4,22,12,32.0,43,0.0,6.0
2023,4,22,15,26.8,70,0.0,0.0
2023,4,22,18,25.0,78,0.0,0.0
2023,4,22,21,23.0,81,0.0,5.0
2023,4,23,0,22.4,80,0.0,8.0
2023,4,23,3,23.0,72,0.0,6.0
2023,4,23,6,30.0,54,0.0,6.0
2023,4,23,9,24.5,71,0.0,8.0
2023,4,23,12,23.4,77,0.2,5.0
2023,4,23,15,21.7,87,0.0,5.0
2023,4,23,18,21.0,88,0.0,5.0
2023,4,23,21,20.5,90,0.0,6.0
2023,4,24,0,20.0,90,0.0,6.0
2023,4,24,3,26.0,62,0.0,6.0
2023,4,24,6,30.0,47,0.0,5.0
2023,4,24,9,32.4,42,0.0,10.0
2023,4,24,12,30.0,51,0.0,5.0
2023,4,24,15,25.0,82,0.0,5.0
2023,4,24,18,24.4,78,0.0,0.0
2023,4,24,21,24.0,80,0.0,0.0
2023,4,25,0,22.6,89,0.0,0.0
2023,4,25,3,27.0,64,0.0,5.0
2023,4,25,6,32.0,44,0.0,6.0
2023,4,25,9,33.5,44,0.0,6.0
2023,4,25,12,32.5,45,0.0,4.0
2023,4,25,15,26.5,71,0.0,4.0
2023,4,25,18,24.4,83,0.0,5.0
2023,4,25,21,23.6,85,0.0,0.0
2023,4,26,0,22.0,91,0.0,4.0
2023,4,26,3,29.5,61,0.0,5.0
2023,4,26,6,33.5,44,0.0,5.0
2023,4,26,9,35.2,39,0.0,5.0
2023,4,26,12,33.0,49,0.0,4.0
2023,4,26,15,26.6,73,0.0,5.0
2023,4,26,18,23.6,87,0.0,5.0
2023,4,26,21,23.6,87,0.0,5.0
2023,4,27,0,22.2,89,0.0,5.0
2023,4,27,3,29.0,64,0.0,5.0
2023,4,27,6,34.0,50,0.0,8.0
2023,4,27,9,32.5,52,0.0,5.0
2023,4,27,12,31.4,60,0.0,8.0
2023,4,27,15,27.0,79,0.0,4.0
2023,4,27,18,25.6,89,0.0,5.0
2023,4,27,21,23.4,91,0.0,5.0
2023,4,28,0,22.0,91,0.0,0.0
2023,4,28,3,28.4,64,0.0,5.0
2023,4,28,6,32.8,47,0.0,8.0
2023,4,28,9,33.0,49,0.0,6.0
2023,4,28,12,31.4,59,0.0,5.0
2023,4,28,15,26.6,79,0.0,3.0
2023,4,28,18,25.0,80,0.0,4.0
2023,4,28,21,25.4,77,0.0,6.0
2023,4,29,0,24.8,86,0.0,8.0
2023,4,29,3,26.0,68,0.0,1.0
2023,4,29,6,30.6,55,0.0,1.0
2023,4,29,9,32.2,58,0.0,8.0
2023,4,29,12,29.8,63,0.0,6.0
2023,4,29,15,27.0,75,0.0,6.0
2023,4,29,18,26.0,78,0.0,6.0
2023,4,29,21,23.4,87,0.0,5.0
2023,4,30,0,22.4,91,0.0,5.0
2023,4,30,3,26.6,74,0.0,5.0
2023,4,30,6,31.0,56,0.0,5.0
2023,4,30,9,32.5,53,0.0,5.0
2023,4,30,12,30.0,62,0.0,5.0
2023,4,30,15,24.0,93,12.0,6.0
2023,4,30,18,23.4,93,2.0,6.0
2023,4,30,21,22.8,91,0.0,6.0
2023,5,1,0,22.0,91,0.0,6.0
2023,5,1,3,28.0,67,0.0,0.0
2023,5,1,6,30.4,62,0.0,0.0
2023,5,1,9,31.3,54,0.0,6.0
2023,5,1,12,28.0,72,0.0,5.0
2023,5,1,15,26.0,82,0.0,5.0
2023,5,1,18,24.8,88,0.0,5.0
2023,5,1,21,23.8,90,0.0,0.0
2023,5,2,0,23.0,93,0.0,0.0
2023,5,2,3,28.4,61,0.0,5.0
2023,5,2,6,33.0,43,0.0,10.0
2023,5,2,9,32.0,51,0.0,5.0
2023,5,2,12,27.5,64,0.0,8.0
2023,5,2,15,25.0,74,0.0,5.0
2023,5,2,18,24.2,80,0.0,7.0
2023,5,2,21,23.6,86,0.0,5.0
2023,5,3,0,23.0,91,0.0,5.0
2023,5,3,3,27.4,64,0.0,5.0
2023,5,3,6,32.8,50,0.0,6.0
2023,5,3,9,33.0,49,0.0,5.0
2023,5,3,12,29.0,68,0.0,5.0
2023,5,3,15,26.2,78,0.0,5.0
2023,5,3,18,24.0,81,0.0,6.0
2023,5,3,21,23.2,91,0.6,8.0
2023,5,4,0,24.0,81,0.0,0.0
2023,5,4,3,26.0,77,0.0,0.0
2023,5,4,6,27.6,78,0.2,5.0
2023,5,4,9,30.0,65,0.0,5.0
2023,5,4,12,29.0,65,0.0,5.0
2023,5,4,15,24.0,84,0.0,0.0
2023,5,4,18,23.0,85,0.0,0.0
2023,5,4,21,22.6,87,0.0,0.0
2023,5,5,0,23.0,91,0.0,0.0
2023,5,5,3,29.0,68,0.0,0.0
2023,5,5,6,31.8,55,0.0,5.0
2023,5,5,9,33.8,46,0.0,6.0
2023,5,5,12,31.5,55,0.0,5.0
2023,5,5,15,26.8,75,0.0,5.0
2023,5,5,18,25.0,82,0.0,6.0
2023,5,5,21,24.0,87,0.0,6.0
2023,5,6,0,22.4,89,0.0,6.0
2023,5,6,3,32.0,51,0.0,6.0
2023,5,6,6,36.0,26,0.0,8.0
2023,5,6,9,36.5,29,0.0,8.0
2023,5,6,12,32.3,38,0.0,5.0
2023,5,6,15,26.5,63,0.0,8.0
2023,5,6,18,24.4,78,0.0,8.0
2023,5,6,21,24.2,80,0.0,4.0
2023,5,7,0,24.0,81,0.0,5.0
2023,5,7,3,29.5,73,0.0,0.0
2023,5,7,6,33.5,55,0.0,0.0
2023,5,7,9,37.5,28,0.0,8.0
2023,5,7,12,33.4,38,0.0,5.0
2023,5,7,15,28.0,67,0.0,5.0
2023,5,7,18,25.0,74,0.0,6.0
2023,5,7,21,24.4,81,0.0,5.0
2023,5,8,0,24.0,84,0.0,5.0
2023,5,8,3,30.2,65,0.0,1.0
2023,5,8,6,35.2,46,0.0,5.0
2023,5,8,9,38.5,19,0.0,6.0
2023,5,8,12,34.0,46,0.0,5.0
2023,5,8,15,28.2,59,0.0,5.0
2023,5,8,18,24.6,69,0.0,6.0
2023,5,8,21,24.3,84,0.0,5.0
2023,5,9,0,24.5,87,0.0,6.0
2023,5,9,3,29.0,62,0.0,5.0
2023,5,9,6,34.0,44,0.0,5.0
2023,5,9,9,37.6,37,0.0,10.0
2023,5,9,12,35.0,46,0.0,5.0
2023,5,9,15,31.0,65,0.0,0.0
2023,5,9,18,26.5,71,0.0,6.0
2023,5,9,21,25.2,74,0.0,4.0
2023,5,10,0,23.8,79,0.0,0.0
2023,5,10,3,31.0,56,0.0,5.0
2023,5,10,6,37.4,28,0.0,5.0
2023,5,10,9,40.2,18,0.0,10.0
2023,5,10,12,34.6,27,0.0,5.0
2023,5,10,15,27.0,59,0.0,5.0
2023,5,10,18,25.0,65,0.0,5.0
2023,5,10,21,24.5,75,0.0,6.0
2023,5,11,0,23.8,80,0.0,6.0
2023,5,11,3,30.0,55,0.0,8.0
2023,5,11,6,34.0,41,0.0,8.0
2023,5,11,9,37.0,36,0.0,5.0
2023,5,11,12,31.4,53,0.0,5.0
2023,5,11,15,28.0,67,0.0,5.0
2023,5,11,18,26.3,74,0.0,5.0
2023,5,11,21,24.2,84,0.0,6.0
2023,5,12,0,23.5,87,0.0,5.0
2023,5,12,3,30.2,57,0.0,6.0
2023,5,12,6,34.4,40,0.0,6.0
2023,5,12,9,36.2,38,0.0,6.0
2023,5,12,12,34.4,47,0.0,5.0
2023,5,12,15,29.8,72,0.0,5.0
2023,5,12,18,26.8,85,0.0,5.0
2023,5,12,21,25.5,78,0.0,5.0
2023,5,13,0,25.0,74,0.0,6.0
2023,5,13,3,30.2,54,0.0,1.0
2023,5,13,6,35.0,40,0.0,1.0
2023,5,13,9,37.0,37,0.0,1.0
2023,5,13,12,34.8,45,0.0,5.0
2023,5,13,15,29.4,67,0.0,0.0
2023,5,13,18,26.0,81,0.0,5.0
2023,5,13,21,25.4,82,0.0,5.0
2023,5,14,0,25.0,82,0.0,5.0
2023,5,14,3,30.6,54,0.0,5.0
2023,5,14,6,35.8,37,0.0,5.0
2023,5,14,9,37.0,35,0.0,10.0
2023,5,14,12,34.0,45,0.0,8.0
2023,5,14,15,29.4,58,0.0,1.0
2023,5,14,18,26.8,69,0.0,8.0
2023,5,14,21,25.4,70,0.0,5.0
2023,5,15,0,24.2,71,0.0,5.0
2023,5,15,3,26.8,69,0.0,6.0
2023,5,15,6,33.0,41,0.0,5.0
2023,5,15,9,34.5,42,0.0,6.0
2023,5,15,12,32.2,51,0.0,5.0
2023,5,15,15,29.0,64,0.0,5.0
2023,5,15,18,27.5,79,0.2,6.0
2023,5,15,21,24.0,87,0.0,6.0
2023,5,16,0,22.1,89,0.0,6.0
2023,5,16,3,29.0,62,0.0,6.0
2023,5,16,6,32.4,50,0.0,5.0
2023,5,16,9,35.0,47,0.0,6.0
2023,5,16,12,31.0,64,0.0,6.0
2023,5,16,15,26.5,83,0.0,10.0
2023,5,16,18,25.2,88,0.0,5.0
2023,5,16,21,24.4,91,0.0,5.0
2023,5,17,0,22.2,93,15.6,8.0
2023,5,17,3,25.0,78,0.0,6.0
2023,5,17,6,29.8,57,0.0,8.0
2023,5,17,9,30.0,55,0.0,6.0
2023,5,17,12,27.8,69,0.0,6.0
2023,5,17,15,26.4,79,0.0,6.0
2023,5,17,18,24.6,88,0.0,5.0
2023,5,17,21,23.0,91,27.0,10.0
2023,5,18,0,22.0,91,0.0,5.0
2023,5,18,3,25.0,86,0.0,6.0
2023,5,18,6,26.2,76,0.0,5.0
2023,5,18,9,29.4,61,0.0,6.0
2023,5,18,12,27.4,72,0.0,6.0
2023,5,18,15,25.6,82,0.0,6.0
2023,5,18,18,24.6,86,0.0,5.0
2023,5,18,21,24.5,87,0.0,4.0
2023,5,19,0,24.4,87,0.0,5.0
2023,5,19,3,27.0,79,0.0,6.0
2023,5,19,6,27.6,78,0.0,5.0
2023,5,19,9,28.0,77,0.0,6.0
2023,5,19,12,27.2,81,0.0,6.0
2023,5,19,15,26.0,90,0.0,5.0
2023,5,19,18,25.0,91,0.0,5.0
2023,5,19,21,22.0,94,14.0,8.0
2023,5,20,0,23.0,94,0.0,0.0
2023,5,20,3,28.0,74,0.0,6.0
2023,5,20,6,32.0,60,0.0,5.0
2023,5,20,9,34.6,50,0.0,6.0
2023,5,20,12,33.0,57,0.0,8.0
2023,5,20,15,29.0,80,0.0,5.0
2023,5,20,18,27.0,83,0.0,5.0
2023,5,20,21,27.2,85,0.0,5.0
2023,5,21,0,27.0,88,0.0,5.0
2023,5,21,3,28.8,77,0.0,8.0
2023,5,21,6,31.5,69,0.0,8.0
2023,5,21,9,33.8,65,0.0,1.0
2023,5,21,12,31.0,74,0.0,5.0
2023,5,21,15,27.0,83,0.0,1.0
2023,5,21,18,25.0,91,0.0,5.0
2023,5,21,21,24.4,91,0.0,5.0
2023,5,22,0,24.0,91,5.0,5.0
2023,5,22,3,26.5,67,0.0,5.0
2023,5,22,6,30.6,61,0.0,1.0
2023,5,22,9,32.2,59,0.0,6.0
2023,5,22,12,31.0,64,0.0,6.0
2023,5,22,15,28.0,75,0.0,5.0
2023,5,22,18,24.6,88,0.0,5.0
2023,5,22,21,24.8,84,0.0,5.0
2023,5,23,0,25.8,85,0.0,5.0
2023,5,23,3,29.4,69,0.0,8.0
2023,5,23,6,32.0,70,0.0,6.0
2023,5,23,9,22.0,91,8.0,12.0
2023,5,23,12,21.8,91,15.6,10.0
2023,5,23,15,22.2,89,0.0,5.0
2023,5,23,18,21.0,90,0.0,7.0
2023,5,23,21,21.4,92,0.0,6.0
2023,5,24,0,22.2,92,0.0,6.0
2023,5,24,3,27.5,65,0.0,0.0
2023,5,24,6,31.0,50,0.0,0.0
2023,5,24,9,32.6,53,0.0,6.0
2023,5,24,12,31.6,63,0.0,5.0
2023,5,24,15,27.8,77,0.0,5.0
2023,5,24,18,27.0,83,0.0,5.0
2023,5,24,21,25.4,86,0.0,0.0
2023,5,25,0,24.4,91,0.0,0.0
2023,5,25,3,30.0,67,0.0,10.0
2023,5,25,6,33.0,52,0.0,8.0
2023,5,25,9,34.0,50,0.0,5.0
2023,5,25,12,32.0,60,0.0,5.0
2023,5,25,15,29.0,76,0.0,5.0
2023,5,25,18,23.0,91,7.0,5.0
2023,5,25,21,23.4,91,0.0,5.0
2023,5,26,0,24.0,91,0.0,0.0
2023,5,26,3,27.0,75,0.0,6.0
2023,5,26,6,31.0,56,0.0,6.0
2023,5,26,9,32.8,49,0.0,6.0
2023,5,26,12,32.0,54,0.0,6.0
2023,5,26,15,28.0,83,0.0,0.0
2023,5,26,18,25.4,91,0.0,0.0
2023,5,26,21,25.2,84,0.0,0.0
2023,5,27,0,25.0,91,0.0,0.0
2023,5,27,3,28.0,72,0.0,5.0
2023,5,27,6,30.0,65,0.0,10.0
2023,5,27,9,31.5,60,0.0,6.0
2023,5,27,12,29.8,67,0.0,6.0
2023,5,27,15,26.5,83,0.0,6.0
2023,5,27,18,25.5,85,0.0,5.0
2023,5,27,21,25.0,91,0.0,5.0
2023,5,28,0,24.4,93,0.0,5.0
2023,5,28,3,29.4,73,0.0,5.0
2023,5,28,6,31.6,61,0.0,5.0
2023,5,28,9,34.0,52,0.0,5.0
2023,5,28,12,32.4,58,0.0,5.0
2023,5,28,15,28.4,78,0.0,0.0
2023,5,28,18,26.4,86,0.0,5.0
2023,5,28,21,26.0,87,0.0,0.0
2023,5,29,0,25.8,89,0.0,0.0
2023,5,29,3,32.8,57,0.0,5.0
2023,5,29,6,34.6,49,0.0,5.0
2023,5,29,9,36.5,45,0.0,5.0
2023,5,29,12,34.4,49,0.0,0.0
2023,5,29,15,29.0,76,0.0,0.0
2023,5,29,18,26.4,85,0.0,0.0
2023,5,29,21,26.0,91,0.0,0.0
2023,5,30,0,27.0,87,0.0,0.0
2023,5,30,3,33.5,61,0.0,0.0
2023,5,30,6,36.6,44,0.0,5.0
2023,5,30,9,37.4,42,0.0,5.0
2023,5,30,12,35.4,45,0.0,5.0
2023,5,30,15,30.3,71,0.0,5.0
2023,5,30,18,27.8,85,0.0,5.0
2023,5,30,21,27.8,83,0.0,0.0
2023,5,31,0,27.8,81,0.0,0.0
2023,5,31,3,33.4,60,0.0,5.0
2023,5,31,6,38.0,40,0.0,5.0
2023,5,31,9,39.0,39,0.0,5.0
2023,5,31,12,36.2,51,0.0,0.0
2023,5,31,15,31.6,69,0.0,0.0
2023,5,31,18,30.0,77,0.0,0.0
2023,5,31,21,29.0,80,0.0,0.0
2023,6,1,0,27.6,83,0.0,0.0
2023,6,1,3,33.0,63,0.0,5.0
2023,6,1,6,37.8,41,0.0,6.0
2023,6,1,9,40.2,36,0.0,10.0
2023,6,1,12,36.0,38,0.0,5.0
2023,6,1,15,29.4,62,0.0,0.0
2023,6,1,18,28.0,70,0.0,0.0
2023,6,1,21,26.2,71,0.0,4.0
2023,6,2,0,27.2,65,0.0,5.0
2023,6,2,3,34.5,42,0.0,0.0
2023,6,2,6,37.0,31,0.0,4.0
2023,6,2,9,39.8,29,0.0,10.0
2023,6,2,12,37.0,41,0.0,5.0
2023,6,2,15,29.8,63,0.0,0.0
2023,6,2,18,28.6,71,0.0,0.0
2023,6,2,21,28.0,83,0.0,0.0
2023,6,3,0,27.0,87,0.0,0.0
2023,6,3,3,32.6,64,0.0,5.0
2023,6,3,6,36.4,48,0.0,5.0
2023,6,3,9,39.4,33,0.0,10.0
2023,6,3,12,36.0,38,0.0,5.0
2023,6,3,15,30.8,56,0.0,6.0
2023,6,3,18,29.4,67,0.0,6.0
2023,6,3,21,28.8,90,0.0,5.0
2023,6,4,0,28.4,92,0.0,5.0
2023,6,4,3,32.6,70,0.0,5.0
2023,6,4,6,37.2,48,0.0,8.0
2023,6,4,9,39.8,38,0.0,5.0
2023,6,4,12,35.4,48,0.0,1.0
2023,6,4,15,29.0,68,0.0,5.0
2023,6,4,18,28.0,72,0.0,6.0
2023,6,4,21,28.0,83,0.0,6.0
2023,6,5,0,28.0,90,0.0,7.0
2023,6,5,3,32.0,61,0.0,5.0
2023,6,5,6,35.0,47,0.0,4.0
2023,6,5,9,38.0,49,0.0,5.0
2023,6,5,12,36.2,47,0.0,5.0
2023,6,5,15,30.5,69,0.0,5.0
2023,6,5,18,28.2,78,0.0,5.0
2023,6,5,21,27.6,81,0.0,0.0
2023,6,6,0,28.0,83,0.0,0.0
2023,6,6,3,34.0,55,0.0,5.0
2023,6,6,6,37.4,40,0.0,6.0
2023,6,6,9,40.1,36,0.0,5.0
2023,6,6,12,37.0,49,0.0,5.0
2023,6,6,15,33.4,58,0.0,5.0
2023,6,6,18,30.8,69,0.0,5.0
2023,6,6,21,29.2,74,0.0,0.0
2023,6,7,0,29.4,93,0.0,0.0
2023,6,7,3,34.4,65,0.0,5.0
2023,6,7,6,38.8,52,0.0,6.0
2023,6,7,9,38.4,47,0.0,5.0
2023,6,7,12,28.0,78,14.2,5.0
2023,6,7,15,27.4,85,0.0,5.0
2023,6,7,18,26.5,92,0.0,0.0
2023,6,7,21,27.0,90,0.0,0.0
2023,6,8,0,28.0,88,0.0,0.0
2023,6,8,3,32.2,69,0.0,2.0
2023,6,8,6,36.4,54,0.0,5.0
2023,6,8,9,38.5,51,0.0,5.0
2023,6,8,12,35.0,65,0.0,5.0
2023,6,8,15,32.0,77,0.0,5.0
2023,6,8,18,31.0,80,0.0,5.0
2023,6,8,21,30.5,88,0.0,5.0
2023,6,9,0,30.0,90,0.0,5.0
2023,6,9,3,26.2,91,5.2,8.0
2023,6,9,6,29.6,71,0.0,8.0
2023,6,9,9,32.0,63,0.0,6.0
2023,6,9,12,30.4,72,0.0,6.0
2023,6,9,15,28.2,81,0.0,5.0
2023,6,9,18,27.2,87,0.0,5.0
2023,6,9,21,27.0,90,0.0,4.0
2023,6,10,0,27.2,92,0.0,5.0
2023,6,10,3,30.0,76,0.0,6.0
2023,6,10,6,32.4,63,0.0,6.0
2023,6,10,9,31.5,73,0.0,6.0
2023,6,10,12,31.0,73,0.0,6.0
2023,6,10,15,29.0,83,0.0,5.0
2023,6,10,18,27.0,90,0.0,5.0
2023,6,10,21,26.8,92,0.0,6.0
2023,6,11,0,28.4,85,0.0,5.0
2023,6,11,3,29.5,80,0.0,5.0
2023,6,11,6,34.0,62,0.0,5.0
2023,6,11,9,35.8,60,0.0,8.0
2023,6,11,12,32.5,70,0.0,8.0
2023,6,11,15,26.0,87,15.0,1.0
2023,6,11,18,26.0,85,7.8,5.0
2023,6,11,21,26.4,93,0.0,5.0
2023,6,12,0,27.0,93,0.0,5.0
2023,6,12,3,26.0,91,1.0,6.0
2023,6,12,6,29.4,77,0.0,7.0
2023,6,12,9,32.0,70,0.0,5.0
2023,6,12,12,31.0,73,0.0,5.0
2023,6,12,15,28.4,87,0.0,5.0
2023,6,12,18,27.4,88,0.0,5.0
2023,6,12,21,26.8,92,0.0,5.0
2023,6,13,0,26.0,96,0.0,6.0
2023,6,13,3,26.4,88,3.0,10.0
2023,6,13,6,27.4,88,24.0,0.0
2023,6,13,9,30.8,78,0.0,5.0
2023,6,13,12,30.4,81,0.0,4.0
2023,6,13,15,28.2,87,0.0,5.0
2023,6,13,18,27.2,90,0.0,5.0
2023,6,13,21,26.2,93,15.0,5.0
2023,6,14,0,26.0,93,1.6,5.0
2023,6,14,3,29.4,86,3.4,5.0
2023,6,14,6,32.8,67,0.0,5.0
2023,6,14,9,35.0,59,0.0,4.0
2023,6,14,12,32.0,73,0.0,5.0
2023,6,14,15,30.0,84,0.0,8.0
2023,6,14,18,29.0,86,0.0,6.0
2023,6,14,21,27.4,85,0.0,6.0
2023,6,15,0,25.8,85,0.0,6.0
2023,6,15,3,30.4,76,0.0,5.0
2023,6,15,6,36.6,54,0.0,10.0
2023,6,15,9,39.6,47,0.0,10.0
2023,6,15,12,32.6,61,0.0,6.0
2023,6,15,15,28.0,87,0.0,8.0
2023,6,15,18,27.0,88,0.0,0.0
2023,6,15,21,27.0,87,0.0,5.0
2023,6,16,0,27.0,87,0.0,5.0
2023,6,16,3,30.0,80,0.0,6.0
2023,6,16,6,27.0,75,0.0,8.0
2023,6,16,9,35.4,69,0.0,5.0
2023,6,16,12,32.0,74,0.0,6.0
2023,6,16,15,28.0,83,0.0,5.0
2023,6,16,18,27.0,88,0.0,6.0
2023,6,16,21,27.5,88,0.0,8.0
2023,6,17,0,27.8,89,0.0,8.0
2023,6,17,3,30.5,82,0.0,6.0
2023,6,17,6,33.2,64,0.0,6.0
2023,6,17,9,34.2,62,0.0,1.0
2023,6,17,12,30.2,81,0.0,6.0
2023,6,17,15,28.0,78,0.0,8.0
2023,6,17,18,27.0,86,0.0,6.0
2023,6,17,21,26.2,91,0.0,5.0
2023,6,18,0,23.6,94,16.4,5.0
2023,6,18,3,24.4,89,0.0,5.0
2023,6,18,6,26.4,81,0.0,6.0
2023,6,18,9,29.0,71,0.0,1.0
2023,6,18,12,28.0,83,0.0,8.0
2023,6,18,15,26.8,88,0.0,5.0
2023,6,18,18,25.8,93,0.0,5.0
2023,6,18,21,25.0,96,12.4,10.0
2023,6,19,0,25.2,93,8.2,14.0
2023,6,19,3,24.0,93,29.0,5.0
2023,6,19,6,25.6,90,0.8,5.0
2023,6,19,9,28.2,77,0.0,8.0
2023,6,19,12,26.8,85,0.0,5.0
2023,6,19,15,26.0,87,0.0,5.0
2023,6,19,18,24.8,91,0.0,5.0
2023,6,19,21,25.4,91,5.2,6.0
2023,6,20,0,25.6,93,0.4,5.0
2023,6,20,3,25.5,96,2.0,5.0
2023,6,20,6,30.2,82,1.0,5.0
2023,6,20,9,31.0,73,0.0,6.0
2023,6,20,12,30.0,84,0.0,6.0
2023,6,20,15,28.2,92,0.0,6.0
2023,6,20,18,26.8,93,0.0,5.0
2023,6,20,21,26.4,93,0.8,5.0
2023,6,21,0,26.0,93,0.0,8.0
2023,6,21,3,25.4,95,24.0,0.0
2023,6,21,6,27.0,90,0.0,4.0
2023,6,21,9,29.0,80,0.0,5.0
2023,6,21,12,28.2,89,0.0,5.0
2023,6,21,15,27.4,92,0.0,5.0
2023,6,21,18,26.8,93,0.0,6.0
2023,6,21,21,26.0,93,0.0,5.0
2023,6,22,0,26.2,93,3.2,5.0
2023,6,22,3,27.8,92,2.0,6.0
2023,6,22,6,29.8,81,0.0,6.0
2023,6,22,9,32.0,74,0.0,5.0
2023,6,22,12,28.8,90,8.2,6.0
2023,6,22,15,27.0,92,0.0,5.0
2023,6,22,18,26.6,92,0.0,6.0
2023,6,22,21,26.8,92,0.0,5.0
2023,6,23,0,27.0,92,0.0,6.0
2023,6,23,3,29.5,80,0.0,5.0
2023,6,23,6,33.4,60,0.0,5.0
2023,6,23,9,34.8,58,0.0,5.0
2023,6,23,12,33.6,64,0.0,6.0
2023,6,23,15,30.0,82,0.0,5.0
2023,6,23,18,28.4,83,0.0,6.0
2023,6,23,21,28.2,92,0.0,5.0
2023,6,24,0,28.4,89,0.0,5.0
2023,6,24,3,30.0,76,0.0,6.0
2023,6,24,6,33.6,62,0.0,5.0
2023,6,24,9,35.0,56,0.0,6.0
2023,6,24,12,33.6,61,0.0,6.0
2023,6,24,15,30.4,79,0.0,5.0
2023,6,24,18,29.2,82,0.0,5.0
2023,6,24,21,28.6,89,0.0,5.0
2023,6,25,0,27.8,90,0.0,5.0
2023,6,25,3,31.5,68,0.0,6.0
2023,6,25,6,34.5,58,0.0,5.0
2023,6,25,9,35.7,56,0.0,10.0
2023,6,25,12,33.2,63,0.0,5.0
2023,6,25,15,30.4,77,0.0,5.0
2023,6,25,18,29.4,82,0.0,5.0
2023,6,25,21,28.4,85,0.0,0.0
2023,6,26,0,28.0,87,0.0,5.0
2023,6,26,3,31.8,69,0.0,8.0
2023,6,26,6,34.0,58,0.0,10.0
2023,6,26,9,35.2,53,0.0,10.0
2023,6,26,12,34.4,56,0.0,5.0
2023,6,26,15,31.2,72,0.0,5.0
2023,6,26,18,30.0,80,0.0,5.0
2023,6,26,21,28.2,83,0.0,5.0
2023,6,27,0,28.0,85,0.0,5.0
2023,6,27,3,29.0,83,0.0,8.0
2023,6,27,6,32.8,64,0.0,12.0
2023,6,27,9,33.5,62,0.0,1.0
2023,6,27,12,28.0,88,1.6,8.0
2023,6,27,15,27.4,92,1.0,5.0
2023,6,27,18,27.0,92,0.0,5.0
2023,6,27,21,27.2,92,0.0,5.0
2023,6,28,0,27.0,92,0.0,5.0
2023,6,28,3,28.5,92,4.0,5.0
2023,6,28,6,26.4,95,15.0,6.0
2023,6,28,9,30.2,84,6.2,1.0
2023,6,28,12,29.0,83,0.0,4.0
2023,6,28,15,27.8,89,0.0,4.0
2023,6,28,18,27.4,90,0.0,5.0
2023,6,28,21,26.8,92,0.0,0.0
2023,6,29,0,26.5,93,2.4,0.0
2023,6,29,3,28.0,90,0.0,5.0
2023,6,29,6,30.0,81,0.0,5.0
2023,6,29,9,32.0,72,0.0,5.0
2023,6,29,12,30.0,76,0.0,6.0
2023,6,29,15,27.4,88,0.0,5.0
2023,6,29,18,27.0,92,0.0,0.0
2023,6,29,21,26.8,93,0.0,5.0
2023,6,30,0,27.0,95,5.0,8.0
2023,6,30,3,28.0,92,3.0,12.0
2023,6,30,6,26.4,93,16.0,5.0
2023,6,30,9,29.2,82,1.0,4.0
2023,6,30,12,27.6,87,0.0,0.0
2023,6,30,15,28.0,89,0.0,5.0
2023,6,30,18,27.4,91,0.0,5.0
2023,6,30,21,26.2,91,0.0,0.0
2023,7,1,0,26.6,92,0.2,0.0
2023,7,1,3,27.0,93,10.0,4.0
2023,7,1,6,28.8,79,0.0,0.0
2023,7,1,9,30.0,80,0.0,5.0
2023,7,1,12,30.4,81,0.0,4.0
2023,7,1,15,29.0,90,0.0,0.0
2023,7,1,18,27.8,92,0.0,4.0
2023,7,1,21,27.8,92,0.0,4.0
2023,7,2,0,28.0,92,0.0,5.0
2023,7,2,3,29.0,83,0.0,5.0
2023,7,2,6,31.6,73,0.0,5.0
2023,7,2,9,32.2,73,0.0,6.0
2023,7,2,12,30.2,82,0.0,5.0
2023,7,2,15,29.0,87,0.0,5.0
2023,7,2,18,28.0,92,0.0,5.0
2023,7,2,21,27.4,90,10.6,4.0
2023,7,3,0,27.0,95,14.4,4.0
2023,7,3,3,27.4,95,5.0,5.0
2023,7,3,6,28.8,89,1.6,5.0
2023,7,3,9,30.2,81,0.0,5.0
2023,7,3,12,30.0,86,0.0,5.0
2023,7,3,15,28.6,90,0.0,6.0
2023,7,3,18,28.5,90,0.0,3.0
2023,7,3,21,27.5,92,2.0,5.0
2023,7,4,0,28.0,94,2.2,5.0
2023,7,4,3,28.0,92,0.0,4.0
2023,7,4,6,29.0,88,1.0,5.0
2023,7,4,9,29.0,88,21.6,5.0
2023,7,4,12,29.6,83,0.0,5.0
2023,7,4,15,27.8,92,0.0,0.0
2023,7,4,18,27.0,92,0.0,0.0
2023,7,4,21,27.2,93,0.0,0.0
2023,7,5,0,27.6,95,0.0,0.0
2023,7,5,3,31.0,80,0.0,5.0
2023,7,5,6,33.8,67,0.0,5.0
2023,7,5,9,26.6,95,65.0,5.0
2023,7,5,12,27.6,93,0.6,0.0
2023,7,5,15,27.4,93,0.0,0.0
2023,7,5,18,27.0,96,0.0,0.0
2023,7,5,21,27.0,96,0.0,0.0
2023,7,6,0,27.5,96,0.0,0.0
2023,7,6,3,30.2,78,0.0,8.0
2023,7,6,6,33.6,65,0.0,8.0
2023,7,6,9,34.0,62,0.0,15.0
2023,7,6,12,32.4,69,0.0,6.0
2023,7,6,15,29.0,80,0.0,8.0
2023,7,6,18,28.0,83,0.0,6.0
2023,7,6,21,28.0,88,0.0,5.0
2023,7,7,0,28.0,92,0.0,5.0
2023,7,7,3,30.1,83,0.0,5.0
2023,7,7,6,30.2,82,2.6,5.0
2023,7,7,9,29.0,86,9.0,5.0
2023,7,7,12,32.6,70,0.0,5.0
2023,7,7,15,30.0,81,0.0,5.0
2023,7,7,18,28.8,87,0.0,0.0
2023,7,7,21,28.4,90,0.0,0.0
2023,7,8,0,28.0,92,0.0,5.0
2023,7,8,3,30.2,84,0.0,8.0
2023,7,8,6,32.4,67,0.0,5.0
2023,7,8,9,31.0,80,0.8,5.0
2023,7,8,12,32.6,67,0.0,5.0
2023,7,8,15,29.5,81,0.0,2.0
2023,7,8,18,28.8,86,0.0,2.0
2023,7,8,21,28.2,89,0.0,4.0
2023,7,9,0,28.4,90,0.0,5.0
2023,7,9,3,32.0,74,0.0,5.0
2023,7,9,6,33.2,69,0.0,5.0
2023,7,9,9,31.6,84,1.0,5.0
2023,7,9,12,31.6,76,0.0,5.0
2023,7,9,15,30.4,87,0.0,5.0
2023,7,9,18,29.8,89,0.0,5.0
2023,7,9,21,29.2,92,0.0,5.0
2023,7,10,0,28.5,92,0.0,5.0
2023,7,10,3,31.5,78,0.0,6.0
2023,7,10,6,34.0,67,0.0,5.0
2023,7,10,9,32.5,74,0.0,6.0
2023,7,10,12,27.6,95,42.6,5.0
2023,7,10,15,29.2,90,0.0,15.0
2023,7,10,18,28.8,94,0.0,4.0
2023,7,10,21,28.4,92,0.0,5.0
2023,7,11,0,28.0,90,0.0,16.0
2023,7,11,3,27.2,93,8.2,5.0
2023,7,11,6,30.0,87,2.0,5.0
2023,7,11,9,31.5,76,0.0,5.0
2023,7,11,12,29.0,89,0.0,5.0
2023,7,11,15,28.4,90,0.0,5.0
2023,7,11,18,27.8,91,0.0,5.0
2023,7,11,21,28.2,92,0.0,5.0
2023,7,12,0,28.0,92,1.2,5.0
2023,7,12,3,28.5,91,0.0,5.0
2023,7,12,6,32.0,72,0.0,12.0
2023,7,12,9,33.0,67,0.0,8.0
2023,7,12,12,29.0,92,8.0,0.0
2023,7,12,15,28.5,83,0.0,0.0
2023,7,12,18,28.8,89,0.0,10.0
2023,7,12,21,28.8,86,0.0,9.0
2023,7,13,0,28.0,88,0.0,6.0
2023,7,13,3,30.0,80,0.0,8.0
2023,7,13,6,30.5,84,1.8,5.0
2023,7,13,9,32.4,70,0.0,5.0
2023,7,13,12,29.0,88,1.0,8.0
2023,7,13,15,28.0,92,3.2,5.0
2023,7,13,18,27.5,91,25.6,4.0
2023,7,13,21,27.5,95,10.0,5.0
2023,7,14,0,27.6,97,11.0,5.0
2023,7,14,3,29.0,92,1.4,5.0
2023,7,14,6,31.0,77,0.0,0.0
2023,7,14,9,26.6,93,24.0,5.0
2023,7,14,12,29.5,84,0.0,5.0
2023,7,14,15,28.0,92,0.0,4.0
2023,7,14,18,28.0,92,0.0,5.0
2023,7,14,21,27.8,92,0.0,5.0
2023,7,15,0,27.5,93,0.0,5.0
2023,7,15,3,29.5,87,0.0,5.0
2023,7,15,6,31.6,66,0.0,5.0
2023,7,15,9,32.5,61,0.0,6.0
2023,7,15,12,32.4,67,0.0,6.0
2023,7,15,15,30.0,80,0.0,5.0
2023,7,15,18,29.0,90,0.0,5.0
2023,7,15,21,28.2,90,0.0,5.0
2023,7,16,0,27.5,88,0.0,5.0
2023,7,16,3,30.8,74,0.0,10.0
2023,7,16,6,32.4,64,0.0,10.0
2023,7,16,9,31.2,71,0.0,5.0
2023,7,16,12,31.5,70,0.0,4.0
2023,7,16,15,29.0,80,0.0,5.0
2023,7,16,18,28.0,83,0.0,5.0
2023,7,16,21,28.2,88,0.0,0.0
2023,7,17,0,28.4,87,0.0,0.0
2023,7,17,3,30.0,81,0.0,5.0
2023,7,17,6,33.6,61,0.0,8.0
2023,7,17,9,34.5,58,0.0,8.0
2023,7,17,12,31.0,69,0.0,1.0
2023,7,17,15,29.5,80,0.0,6.0
2023,7,17,18,28.5,83,0.0,6.0
2023,7,17,21,28.0,88,0.0,5.0
2023,7,18,0,27.0,92,0.0,5.0
2023,7,18,3,32.0,66,0.0,5.0
2023,7,18,6,34.8,58,0.0,5.0
2023,7,18,9,36.3,52,0.0,4.0
2023,7,18,12,35.0,59,0.0,5.0
2023,7,18,15,31.0,80,0.0,5.0
2023,7,18,18,30.0,84,0.0,5.0
2023,7,18,21,29.5,88,0.0,5.0
2023,7,19,0,28.8,90,0.0,5.0
2023,7,19,3,32.6,70,0.0,6.0
2023,7,19,6,34.2,57,0.0,6.0
2023,7,19,9,35.6,59,0.0,5.0
2023,7,19,12,35.4,60,0.0,5.0
2023,7,19,15,31.2,81,0.0,0.0
2023,7,19,18,30.2,86,0.0,0.0
2023,7,19,21,29.8,86,0.0,0.0
2023,7,20,0,29.5,87,0.0,5.0
2023,7,20,3,33.8,61,0.0,6.0
2023,7,20,6,35.2,55,0.0,4.0
2023,7,20,9,36.0,54,0.0,5.0
2023,7,20,12,35.0,56,0.0,5.0
2023,7,20,15,32.0,70,0.0,4.0
2023,7,20,18,31.0,77,0.0,4.0
2023,7,20,21,30.4,81,0.0,0.0
2023,7,21,0,29.0,83,0.0,4.0
2023,7,21,3,32.0,70,0.0,8.0
2023,7,21,6,32.0,70,0.0,8.0
2023,7,21,9,32.2,69,0.0,1.0
2023,7,21,12,30.8,75,0.0,6.0
2023,7,21,15,29.0,87,0.0,5.0
2023,7,21,18,28.0,90,0.0,5.0
2023,7,21,21,28.0,92,0.0,0.0
2023,7,22,0,28.4,89,0.0,0.0
2023,7,22,3,32.2,70,0.0,5.0
2023,7,22,6,34.6,58,0.0,6.0
2023,7,22,9,35.4,54,0.0,8.0
2023,7,22,12,34.4,56,0.0,5.0
2023,7,22,15,30.8,80,0.0,5.0
2023,7,22,18,29.8,84,0.0,5.0
2023,7,22,21,29.0,88,0.0,5.0
2023,7,23,0,28.0,90,0.0,5.0
2023,7,23,3,33.0,57,0.0,4.0
2023,7,23,6,34.8,54,0.0,5.0
2023,7,23,9,36.2,48,0.0,6.0
2023,7,23,12,34.4,58,0.0,5.0
2023,7,23,15,31.0,77,0.0,5.0
2023,7,23,18,30.0,85,0.0,0.0
2023,7,23,21,29.4,89,0.0,0.0
2023,7,24,0,29.0,92,0.0,0.0
2023,7,24,3,32.7,69,0.0,5.0
2023,7,24,6,34.0,62,0.0,5.0
2023,7,24,9,32.0,74,0.0,5.0
2023,7,24,12,31.5,81,0.0,5.0
2023,7,24,15,30.2,87,0.0,4.0
2023,7,24,18,29.4,91,0.0,4.0
2023,7,24,21,29.0,92,0.0,5.0
2023,7,25,0,29.0,92,0.0,0.0
2023,7,25,3,32.8,70,0.0,5.0
2023,7,25,6,35.6,53,0.0,8.0
2023,7,25,9,35.8,50,0.0,5.0
2023,7,25,12,34.0,60,0.0,0.0
2023,7,25,15,31.0,77,0.0,0.0
2023,7,25,18,30.2,82,0.0,4.0
2023,7,25,21,29.6,87,0.0,0.0
2023,7,26,0,28.8,92,0.0,5.0
2023,7,26,3,30.0,82,0.8,0.0
2023,7,26,6,34.6,59,0.0,5.0
2023,7,26,9,36.0,54,0.0,5.0
2023,7,26,12,33.2,69,0.0,5.0
2023,7,26,15,30.5,80,0.0,8.0
2023,7,26,18,29.5,84,0.0,6.0
2023,7,26,21,29.0,87,0.0,5.0
2023,7,27,0,28.4,90,0.0,5.0
2023,7,27,3,31.0,75,0.0,5.0
2023,7,27,6,34.5,56,0.0,5.0
2023,7,27,9,35.4,54,0.0,5.0
2023,7,27,12,32.2,70,0.4,2.0
2023,7,27,15,30.4,76,0.0,6.0
2023,7,27,18,29.4,82,1.0,5.0
2023,7,27,21,29.0,87,0.0,5.0
2023,7,28,0,28.5,90,0.0,5.0
2023,7,28,3,30.8,77,0.0,6.0
2023,7,28,6,32.8,72,2.4,5.0
2023,7,28,9,30.0,88,5.0,6.0
2023,7,28,12,30.4,81,0.0,6.0
2023,7,28,15,29.6,87,0.0,4.0
2023,7,28,18,29.2,90,0.0,5.0
2023,7,28,21,28.4,93,0.0,5.0
2023,7,29,0,28.2,92,0.0,5.0
2023,7,29,3,30.5,80,0.0,5.0
2023,7,29,6,29.2,92,2.0,5.0
2023,7,29,9,32.6,70,0.0,6.0
2023,7,29,12,32.0,74,0.0,5.0
2023,7,29,15,30.0,86,0.0,5.0
2023,7,29,18,29.0,90,0.0,0.0
2023,7,29,21,28.8,91,0.0,0.0
2023,7,30,0,29.0,90,0.0,4.0
2023,7,30,3,28.0,92,0.4,6.0
2023,7,30,6,31.2,83,0.0,5.0
2023,7,30,9,33.0,67,0.0,5.0
2023,7,30,12,31.6,79,0.0,6.0
2023,7,30,15,29.2,82,0.0,5.0
2023,7,30,18,28.6,87,0.0,5.0
2023,7,30,21,28.6,89,0.0,5.0
2023,7,31,0,28.5,92,0.0,5.0
2023,7,31,3,33.4,72,0.0,5.0
2023,7,31,6,35.2,51,0.0,5.0
2023,7,31,9,36.2,56,0.0,6.0
2023,7,31,12,35.0,62,0.0,5.0
2023,7,31,15,31.3,82,0.0,0.0
2023,7,31,18,30.0,88,0.0,0.0
2023,7,31,21,29.8,90,0.0,0.0
2023,8,1,0,30.0,89,0.0,0.0
2023,8,1,3,34.2,70,0.0,5.0
2023,8,1,6,35.4,56,0.0,5.0
2023,8,1,9,36.5,52,0.0,1.0
2023,8,1,12,29.0,87,34.0,5.0
2023,8,1,15,30.0,84,0.0,5.0
2023,8,1,18,29.4,89,0.0,1.0
2023,8,1,21,29.2,86,0.0,1.0
2023,8,2,0,29.0,83,0.0,1.0
2023,8,2,3,29.6,82,0.0,1.0
2023,8,2,6,32.4,67,0.0,1.0
2023,8,2,9,31.8,70,0.0,12.0
2023,8,2,12,32.0,69,0.0,1.0
2023,8,2,15,29.0,83,2.0,5.0
2023,8,2,18,28.0,87,0.0,5.0
2023,8,2,21,27.6,87,0.0,5.0
2023,8,3,0,27.4,88,0.0,5.0
2023,8,3,3,30.0,78,0.0,8.0
2023,8,3,6,32.0,67,0.0,6.0
2023,8,3,9,32.6,68,0.6,6.0
2023,8,3,12,28.6,93,19.0,0.0
2023,8,3,15,28.2,89,0.0,8.0
2023,8,3,18,27.6,92,0.0,5.0
2023,8,3,21,28.0,92,0.0,5.0
2023,8,4,0,28.0,93,0.0,5.0
2023,8,4,3,31.0,77,0.0,5.0
2023,8,4,6,32.5,73,0.0,4.0
2023,8,4,9,30.0,84,3.2,6.0
2023,8,4,12,29.0,90,0.0,4.0
2023,8,4,15,27.0,92,30.0,5.0
2023,8,4,18,26.6,92,0.0,0.0
2023,8,4,21,26.8,91,0.0,0.0
2023,8,5,0,27.2,93,0.0,0.0
2023,8,5,3,30.5,77,0.0,5.0
2023,8,5,6,31.8,70,0.0,5.0
2023,8,5,9,32.8,63,0.0,5.0
2023,8,5,12,30.0,81,0.0,5.0
2023,8,5,15,28.8,89,0.0,0.0
2023,8,5,18,28.0,91,0.0,5.0
2023,8,5,21,27.4,92,0.0,0.0
2023,8,6,0,27.2,92,0.0,0.0
2023,8,6,3,29.0,83,0.0,0.0
2023,8,6,6,33.3,65,0.0,5.0
2023,8,6,9,30.0,82,0.0,5.0
2023,8,6,12,29.8,81,5.0,5.0
2023,8,6,15,29.2,92,0.0,4.0
2023,8,6,18,28.0,93,1.0,0.0
2023,8,6,21,28.0,93,1.6,0.0
2023,8,7,0,28.0,93,0.0,0.0
2023,8,7,3,29.0,86,0.0,0.0
2023,8,7,6,30.4,84,0.0,0.0
2023,8,7,9,29.0,87,2.0,5.0
2023,8,7,12,29.0,90,0.0,5.0
2023,8,7,15,28.0,92,2.4,8.0
2023,8,7,18,27.4,93,0.0,5.0
2023,8,7,21,27.0,93,0.0,5.0
2023,8,8,0,26.6,95,23.0,6.0
2023,8,8,3,27.6,95,28.0,5.0
2023,8,8,6,29.0,87,0.0,1.0
2023,8,8,9,29.6,81,0.0,1.0
2023,8,8,12,28.0,88,0.0,6.0
2023,8,8,15,27.6,92,0.0,8.0
2023,8,8,18,27.0,93,1.0,8.0
2023,8,8,21,27.2,92,0.0,8.0
2023,8,9,0,27.6,92,0.0,6.0
2023,8,9,3,28.5,88,0.0,5.0
2023,8,9,6,31.2,68,0.0,5.0
2023,8,9,9,33.0,67,0.0,8.0
2023,8,9,12,32.4,62,0.0,5.0
2023,8,9,15,29.0,88,1.0,5.0
2023,8,9,18,28.4,91,0.0,5.0
2023,8,9,21,28.2,92,0.0,0.0
2023,8,10,0,28.0,92,0.0,0.0
2023,8,10,3,30.0,76,0.0,0.0
2023,8,10,6,31.6,66,0.0,5.0
2023,8,10,9,33.5,68,0.0,5.0
2023,8,10,12,32.7,70,0.0,6.0
2023,8,10,15,30.0,84,0.8,2.0
2023,8,10,18,30.0,84,0.0,2.0
2023,8,10,21,28.8,86,0.0,2.0
2023,8,11,0,28.8,90,0.0,6.0
2023,8,11,3,30.2,82,0.0,8.0
2023,8,11,6,34.0,65,0.0,6.0
2023,8,11,9,30.7,83,0.0,6.0
2023,8,11,12,29.4,87,0.0,4.0
2023,8,11,15,29.0,90,0.0,6.0
2023,8,11,18,28.4,92,0.6,6.0
2023,8,11,21,28.2,92,0.0,5.0
2023,8,12,0,28.0,93,0.0,4.0
2023,8,12,3,29.5,83,0.0,5.0
2023,8,12,6,31.0,78,0.0,6.0
2023,8,12,9,32.5,72,0.0,10.0
2023,8,12,12,31.0,81,0.0,8.0
2023,8,12,15,30.0,88,1.0,5.0
2023,8,12,18,29.2,92,1.4,5.0
2023,8,12,21,26.4,97,40.0,0.0
2023,8,13,0,26.2,97,20.4,0.0
2023,8,13,3,27.4,92,5.2,0.0
2023,8,13,6,28.4,87,0.0,4.0
2023,8,13,9,30.0,81,0.0,5.0
2023,8,13,12,29.6,84,0.0,0.0
2023,8,13,15,26.0,91,17.0,8.0
2023,8,13,18,25.6,91,2.0,6.0
2023,8,13,21,25.8,93,0.0,6.0
2023,8,14,0,25.8,95,0.0,6.0
2023,8,14,3,29.5,81,0.0,2.0
2023,8,14,6,32.6,67,0.0,5.0
2023,8,14,9,34.5,62,0.0,4.0
2023,8,14,12,32.8,68,0.0,5.0
2023,8,14,15,30.0,88,0.0,0.0
2023,8,14,18,29.4,89,0.0,0.0
2023,8,14,21,28.4,92,0.0,0.0
2023,8,15,0,28.0,93,0.0,0.0
2023,8,15,3,33.0,74,0.0,4.0
2023,8,15,6,34.6,63,0.0,4.0
2023,8,15,9,36.0,58,0.0,6.0
2023,8,15,12,32.8,72,0.0,10.0
2023,8,15,15,31.0,80,0.0,5.0
2023,8,15,18,30.2,87,0.0,5.0
2023,8,15,21,29.8,88,0.0,5.0
2023,8,16,0,29.0,89,0.0,5.0
2023,8,16,3,32.0,74,0.0,5.0
2023,8,16,6,35.0,61,0.0,5.0
2023,8,16,9,28.5,89,1.0,6.0
2023,8,16,12,29.0,92,0.1,5.0
2023,8,16,15,28.8,92,0.0,0.0
2023,8,16,18,28.5,93,0.0,2.0
2023,8,16,21,28.3,92,0.0,2.0
2023,8,17,0,28.0,95,0.0,0.0
2023,8,17,3,31.0,83,0.0,4.0
2023,8,17,6,34.5,65,0.0,5.0
2023,8,17,9,35.7,63,0.0,5.0
2023,8,17,12,33.2,76,0.0,5.0
2023,8,17,15,31.0,88,0.0,0.0
2023,8,17,18,30.4,89,0.0,0.0
2023,8,17,21,29.8,92,0.0,0.0
2023,8,18,0,29.0,92,1.0,0.0
2023,8,18,3,31.0,73,0.0,6.0
2023,8,18,6,34.0,61,0.0,6.0
2023,8,18,9,35.0,59,0.0,5.0
2023,8,18,12,32.8,69,0.0,5.0
2023,8,18,15,30.8,82,0.0,5.0
2023,8,18,18,30.0,84,0.0,5.0
2023,8,18,21,29.0,88,0.0,0.0
2023,8,19,0,28.0,90,0.0,0.0
2023,8,19,3,32.4,67,0.0,5.0
2023,8,19,6,34.0,52,0.0,5.0
2023,8,19,9,34.0,63,0.0,6.0
2023,8,19,12,33.0,67,0.0,5.0
2023,8,19,15,30.0,80,0.0,4.0
2023,8,19,18,29.0,83,0.0,0.0
2023,8,19,21,28.6,87,0.0,0.0
2023,8,20,0,28.5,91,0.0,0.0
2023,8,20,3,30.5,80,0.0,5.0
2023,8,20,6,33.0,65,0.0,5.0
2023,8,20,9,35.5,57,0.0,5.0
2023,8,20,12,33.6,65,0.0,8.0
2023,8,20,15,31.5,74,0.0,5.0
2023,8,20,18,30.0,80,0.0,0.0
2023,8,20,21,29.4,86,0.0,0.0
2023,8,21,0,29.0,88,0.0,5.0
2023,8,21,3,33.0,67,0.0,8.0
2023,8,21,6,33.0,69,0.0,6.0
2023,8,21,9,34.2,63,0.0,6.0
2023,8,21,12,32.5,70,0.0,0.0
2023,8,21,15,30.2,84,0.0,0.0
2023,8,21,18,29.6,87,0.0,2.0
2023,8,21,21,29.4,89,0.0,4.0
2023,8,22,0,29.0,92,0.0,6.0
2023,8,22,3,30.6,81,0.0,8.0
2023,8,22,6,31.8,77,0.0,5.0
2023,8,22,9,27.5,93,4.0,5.0
2023,8,22,12,29.0,88,1.0,2.0
2023,8,22,15,28.5,88,0.0,5.0
2023,8,22,18,28.0,92,0.0,4.0
2023,8,22,21,27.0,92,0.0,0.0
2023,8,23,0,26.6,93,0.0,0.0
2023,8,23,3,27.2,92,0.0,2.0
2023,8,23,6,30.2,78,0.0,4.0
2023,8,23,9,31.0,77,0.0,5.0
2023,8,23,12,29.0,83,0.0,2.0
2023,8,23,15,26.7,93,23.0,5.0
2023,8,23,18,26.2,94,27.0,5.0
2023,8,23,21,26.6,95,2.0,5.0
2023,8,24,0,27.2,93,0.0,5.0
2023,8,24,3,28.0,92,0.0,0.0
2023,8,24,6,30.8,78,0.0,5.0
2023,8,24,9,33.4,69,0.0,6.0
2023,8,24,12,31.2,77,0.0,8.0
2023,8,24,15,29.0,88,0.0,5.0
2023,8,24,18,28.8,90,0.0,5.0
2023,8,24,21,27.8,92,0.0,5.0
2023,8,25,0,27.2,93,2.0,5.0
2023,8,25,3,27.8,92,0.0,5.0
2023,8,25,6,29.6,83,1.0,5.0
2023,8,25,9,27.5,93,21.8,0.0
2023,8,25,12,27.8,92,2.2,6.0
2023,8,25,15,26.8,93,6.0,2.0
2023,8,25,18,26.6,93,1.0,4.0
2023,8,25,21,26.6,93,4.0,4.0
2023,8,26,0,26.8,95,4.0,4.0
2023,8,26,3,27.6,92,1.6,5.0
2023,8,26,6,27.7,92,1.4,5.0
2023,8,26,9,29.6,83,1.2,10.0
2023,8,26,12,29.0,88,0.8,5.0
2023,8,26,15,28.2,92,0.6,10.0
2023,8,26,18,27.6,96,11.4,8.0
2023,8,26,21,27.4,97,45.0,8.0
2023,8,27,0,27.0,97,30.0,8.0
2023,8,27,3,26.6,92,0.0,10.0
2023,8,27,6,30.8,82,0.0,10.0
2023,8,27,9,30.5,82,0.0,5.0
2023,8,27,12,31.0,77,0.0,6.0
2023,8,27,15,30.4,79,0.0,6.0
2023,8,27,18,29.0,83,0.0,6.0
2023,8,27,21,28.4,85,0.0,5.0
2023,8,28,0,28.0,85,0.0,5.0
2023,8,28,3,31.0,75,0.0,7.0
2023,8,28,6,33.0,65,0.0,6.0
2023,8,28,9,35.0,62,0.0,5.0
2023,8,28,12,32.0,70,0.0,2.0
2023,8,28,15,30.4,79,0.0,5.0
2023,8,28,18,29.5,84,0.0,5.0
2023,8,28,21,28.8,89,0.0,5.0
2023,8,29,0,27.8,93,0.0,5.0
2023,8,29,3,30.0,80,0.0,5.0
2023,8,29,6,34.4,58,0.0,5.0
2023,8,29,9,35.5,60,0.0,4.0
2023,8,29,12,30.8,77,0.0,4.0
2023,8,29,15,28.8,86,0.0,0.0
2023,8,29,18,28.5,88,0.0,2.0
2023,8,29,21,28.0,92,0.0,2.0
2023,8,30,0,27.4,95,0.0,2.0
2023,8,30,3,32.2,73,0.0,5.0
2023,8,30,6,33.4,68,0.0,2.0
2023,8,30,9,35.5,60,0.0,0.0
2023,8,30,12,33.0,69,0.0,0.0
2023,8,30,15,30.5,79,0.0,0.0
2023,8,30,18,29.0,88,0.0,0.0
2023,8,30,21,28.6,92,0.0,0.0
2023,8,31,0,28.4,93,0.0,0.0
2023,8,31,3,32.6,77,0.0,0.0
2023,8,31,6,35.6,57,0.0,5.0
2023,8,31,9,36.8,63,0.0,5.0
2023,8,31,12,33.4,64,0.0,5.0
2023,8,31,15,31.0,77,0.0,3.0
2023,8,31,18,30.0,82,0.0,0.0
2023,8,31,21,29.2,92,0.0,0.0
2023,9,1,0,28.6,94,0.0,0.0
2023,9,1,3,33.4,68,0.0,5.0
2023,9,1,6,36.5,52,0.0,5.0
2023,9,1,9,37.2,51,0.0,6.0
2023,9,1,12,34.0,68,0.0,3.0
2023,9,1,15,31.2,85,0.0,3.0
2023,9,1,18,29.6,92,0.0,4.0
2023,9,1,21,29.0,94,0.0,5.0
2023,9,2,0,29.8,94,0.0,5.0
2023,9,2,3,33.2,76,0.0,6.0
2023,9,2,6,34.2,65,0.0,5.0
2023,9,2,9,33.0,74,0.0,4.0
2023,9,2,12,31.8,79,0.0,4.0
2023,9,2,15,30.5,88,0.0,0.0
2023,9,2,18,30.0,92,0.0,0.0
2023,9,2,21,29.6,94,0.0,5.0
2023,9,3,0,29.0,95,0.0,5.0
2023,9,3,3,33.8,67,0.0,5.0
2023,9,3,6,36.0,60,0.0,5.0
2023,9,3,9,36.2,57,0.0,5.0
2023,9,3,12,33.8,71,0.0,0.0
2023,9,3,15,31.8,79,0.0,0.0
2023,9,3,18,30.0,88,0.0,0.0
2023,9,3,21,29.4,89,0.0,0.0
2023,9,4,0,29.0,87,0.0,6.0
2023,9,4,3,30.0,76,0.0,5.0
2023,9,4,6,32.0,66,0.0,5.0
2023,9,4,9,34.8,59,0.0,4.0
2023,9,4,12,32.6,74,0.0,5.0
2023,9,4,15,30.0,84,0.0,5.0
2023,9,4,18,29.5,88,0.0,5.0
2023,9,4,21,28.8,92,0.0,5.0
2023,9,5,0,28.2,93,0.0,5.0
2023,9,5,3,34.0,65,0.0,0.0
2023,9,5,6,36.2,53,0.0,5.0
2023,9,5,9,37.4,47,0.0,5.0
2023,9,5,12,34.4,65,0.0,4.0
2023,9,5,15,31.5,81,0.0,4.0
2023,9,5,18,30.0,88,0.0,0.0
2023,9,5,21,29.2,90,0.0,0.0
2023,9,6,0,28.0,92,0.0,0.0
2023,9,6,3,34.0,67,0.0,6.0
2023,9,6,6,36.2,56,0.0,6.0
2023,9,6,9,37.0,54,0.0,5.0
2023,9,6,12,33.5,70,0.0,5.0
2023,9,6,15,31.0,83,0.0,0.0
2023,9,6,18,28.0,83,0.0,0.0
2023,9,6,21,27.2,90,0.0,0.0
2023,9,7,0,27.0,92,0.0,0.0
2023,9,7,3,30.2,76,0.0,5.0
2023,9,7,6,33.0,64,0.0,10.0
2023,9,7,9,34.5,56,0.0,5.0
2023,9,7,12,31.2,72,0.0,4.0
2023,9,7,15,29.5,87,0.0,5.0
2023,9,7,18,28.8,90,0.0,5.0
2023,9,7,21,28.0,88,0.0,5.0
2023,9,8,0,27.6,89,0.0,5.0
2023,9,8,3,30.2,81,0.0,7.0
2023,9,8,6,29.0,83,0.6,1.0
2023,9,8,9,28.0,92,3.0,6.0
2023,9,8,12,28.0,92,1.8,0.0
2023,9,8,15,28.5,88,0.8,4.0
2023,9,8,18,29.0,83,0.0,4.0
2023,9,8,21,28.2,92,0.0,5.0
2023,9,9,0,27.6,93,0.0,5.0
2023,9,9,3,29.6,82,0.0,5.0
2023,9,9,6,32.5,62,0.0,0.0
2023,9,9,9,34.8,59,0.0,7.0
2023,9,9,12,32.5,67,0.0,5.0
2023,9,9,15,31.0,77,0.0,2.0
2023,9,9,18,30.0,84,0.0,0.0
2023,9,9,21,29.0,88,0.0,0.0
2023,9,10,0,28.2,93,0.0,0.0
2023,9,10,3,32.0,77,0.0,0.0
2023,9,10,6,35.2,61,0.0,5.0
2023,9,10,9,36.2,54,0.0,8.0
2023,9,10,12,32.0,74,0.0,4.0
2023,9,10,15,29.6,87,0.0,4.0
2023,9,10,18,29.0,90,0.0,2.0
2023,9,10,21,28.8,92,0.0,5.0
2023,9,11,0,28.5,94,0.0,5.0
2023,9,11,3,32.8,72,0.0,6.0
2023,9,11,6,36.0,58,0.0,5.0
2023,9,11,9,36.6,54,0.0,10.0
2023,9,11,12,33.6,70,0.0,2.0
2023,9,11,15,31.0,84,0.0,0.0
2023,9,11,18,30.0,87,0.0,0.0
2023,9,11,21,29.3,92,0.0,0.0
2023,9,12,0,29.0,92,0.0,0.0
2023,9,12,3,31.0,81,0.0,0.0
2023,9,12,6,30.6,73,0.0,5.0
2023,9,12,9,30.2,81,0.2,6.0
2023,9,12,12,30.2,87,0.0,2.0
2023,9,12,15,29.0,92,0.0,2.0
2023,9,12,18,28.8,94,0.0,2.0
2023,9,12,21,28.6,94,0.0,2.0
2023,9,13,0,28.4,95,0.0,2.0
2023,9,13,3,31.0,81,0.0,5.0
2023,9,13,6,30.0,87,0.0,5.0
2023,9,13,9,31.0,86,0.0,0.0
2023,9,13,12,30.8,82,0.0,0.0
2023,9,13,15,29.8,86,0.0,0.0
2023,9,13,18,29.4,87,0.0,0.0
2023,9,13,21,28.0,90,0.0,0.0
2023,9,14,0,27.5,92,0.0,4.0
2023,9,14,3,30.0,78,0.0,5.0
2023,9,14,6,33.8,60,0.0,5.0
2023,9,14,9,35.2,60,0.0,6.0
2023,9,14,12,32.5,68,0.0,5.0
2023,9,14,15,30.0,84,0.0,3.0
2023,9,14,18,29.8,84,0.0,0.0
2023,9,14,21,29.2,86,0.0,0.0
2023,9,15,0,27.5,89,0.0,5.0
2023,9,15,3,30.0,76,0.0,8.0
2023,9,15,6,34.0,62,0.0,6.0
2023,9,15,9,35.0,56,0.0,5.0
2023,9,15,12,32.0,70,0.0,0.0
2023,9,15,15,29.8,84,0.0,5.0
2023,9,15,18,28.6,87,0.0,0.0
2023,9,15,21,28.2,93,0.0,0.0
2023,9,16,0,27.7,93,0.0,0.0
2023,9,16,3,32.6,67,0.0,4.0
2023,9,16,6,35.0,56,0.0,0.0
2023,9,16,9,37.0,44,0.0,6.0
2023,9,16,12,33.0,70,0.0,4.0
2023,9,16,15,30.0,88,0.0,0.0
2023,9,16,18,29.0,88,0.0,0.0
2023,9,16,21,28.4,92,0.0,0.0
2023,9,17,0,28.0,92,0.0,0.0
2023,9,17,3,34.0,63,0.0,5.0
2023,9,17,6,36.0,51,0.0,5.0
2023,9,17,9,36.6,52,0.0,4.0
2023,9,17,12,32.8,70,0.0,0.0
2023,9,17,15,31.0,80,0.0,0.0
2023,9,17,18,30.0,84,0.0,0.0
2023,9,17,21,29.0,90,0.0,0.0
2023,9,18,0,28.2,93,0.0,0.0
2023,9,18,3,31.5,81,0.0,0.0
2023,9,18,6,34.6,62,0.0,4.0
2023,9,18,9,26.6,92,20.0,7.0
2023,9,18,12,27.2,91,0.6,5.0
2023,9,18,15,26.5,92,0.0,4.0
2023,9,18,18,26.4,95,0.0,4.0
2023,9,18,21,26.2,93,0.0,5.0
2023,9,19,0,26.4,91,0.0,5.0
2023,9,19,3,25.6,88,0.0,0.0
2023,9,19,6,30.0,69,0.0,4.0
2023,9,19,9,32.2,65,0.0,8.0
2023,9,19,12,30.4,77,0.0,4.0
2023,9,19,15,28.6,86,0.0,4.0
2023,9,19,18,26.5,95,15.0,5.0
2023,9,19,21,26.0,95,12.0,8.0
2023,9,20,0,26.0,95,0.0,6.0
2023,9,20,3,29.0,82,0.0,6.0
2023,9,20,6,32.0,70,0.0,8.0
2023,9,20,9,32.6,67,2.0,8.0
2023,9,20,12,29.2,82,0.0,5.0
2023,9,20,15,28.2,89,0.0,6.0
2023,9,20,18,27.6,90,0.0,5.0
2023,9,20,21,27.2,95,8.6,5.0
2023,9,21,0,27.0,93,0.0,5.0
2023,9,21,3,26.6,93,2.0,6.0
2023,9,21,6,25.0,95,41.0,1.0
2023,9,21,9,26.0,90,1.8,8.0
2023,9,21,12,26.0,91,15.0,8.0
2023,9,21,15,25.8,95,3.4,5.0
2023,9,21,18,25.2,95,1.0,5.0
2023,9,21,21,25.4,95,5.2,5.0
2023,9,22,0,25.6,95,4.8,5.0
2023,9,22,3,26.2,93,8.0,5.0
2023,9,22,6,27.0,93,1.0,6.0
2023,9,22,9,26.8,93,18.0,5.0
2023,9,22,12,25.0,95,20.2,5.0
2023,9,22,15,26.0,90,0.8,5.0
2023,9,22,18,25.5,96,4.2,5.0
2023,9,22,21,26.0,93,2.0,5.0
2023,9,23,0,26.2,93,2.8,5.0
2023,9,23,3,27.4,92,0.0,5.0
2023,9,23,6,28.0,92,4.0,8.0
2023,9,23,9,27.0,96,8.4,12.0
2023,9,23,12,25.0,98,74.0,6.0
2023,9,23,15,25.5,96,32.0,6.0
2023,9,23,18,25.5,96,0.0,4.0
2023,9,23,21,25.4,95,20.0,5.0
2023,9,24,0,25.8,93,41.0,5.0
2023,9,24,3,25.0,98,80.0,6.0
2023,9,24,6,26.0,91,60.0,6.0
2023,9,24,9,24.5,96,17.0,4.0
2023,9,24,12,24.0,95,2.0,6.0
2023,9,24,15,24.0,95,0.0,5.0
2023,9,24,18,24.4,93,0.0,5.0
2023,9,24,21,24.6,93,0.0,5.0
2023,9,25,0,24.8,93,0.0,5.0
2023,9,25,3,26.4,91,0.0,5.0
2023,9,25,6,29.0,80,0.0,5.0
2023,9,25,9,29.6,81,0.0,6.0
2023,9,25,12,29.0,86,0.0,4.0
2023,9,25,15,27.5,92,0.0,4.0
2023,9,25,18,27.2,93,0.0,4.0
2023,9,25,21,26.8,92,0.0,0.0
2023,9,26,0,26.0,95,0.2,0.0
2023,9,26,3,27.0,83,0.0,4.0
2023,9,26,6,32.4,72,0.0,5.0
2023,9,26,9,34.0,62,0.0,4.0
2023,9,26,12,30.5,80,0.0,0.0
2023,9,26,15,28.2,92,0.0,2.0
2023,9,26,18,27.4,93,0.0,2.0
2023,9,26,21,27.0,93,0.0,0.0
2023,9,27,0,26.8,93,0.0,0.0
2023,9,27,3,31.0,75,0.0,5.0
2023,9,27,6,33.8,65,0.0,5.0
2023,9,27,9,33.8,63,0.0,0.0
2023,9,27,12,30.0,82,0.0,0.0
2023,9,27,15,28.2,89,0.0,0.0
2023,9,27,18,27.0,92,0.0,0.0
2023,9,27,21,27.6,92,0.0,0.0
2023,9,28,0,27.5,93,0.0,0.0
2023,9,28,3,32.2,77,0.0,0.0
2023,9,28,6,35.6,55,0.0,0.0
2023,9,28,9,36.0,58,0.0,4.0
2023,9,28,12,32.0,77,0.0,4.0
2023,9,28,15,30.2,87,0.0,0.0
2023,9,28,18,29.0,88,0.0,0.0
2023,9,28,21,28.2,90,0.0,0.0
2023,9,29,0,27.5,93,0.0,0.0
2023,9,29,3,32.5,72,0.0,4.0
2023,9,29,6,35.3,53,0.0,5.0
2023,9,29,9,35.2,62,0.0,4.0
2023,9,29,12,32.4,78,0.0,4.0
2023,9,29,15,30.4,88,0.0,4.0
2023,9,29,18,29.6,91,0.0,4.0
2023,9,29,21,29.0,92,0.0,0.0
2023,9,30,0,28.4,92,0.0,0.0
2023,9,30,3,29.0,92,0.0,6.0
2023,9,30,6,30.2,84,0.0,5.0
2023,9,30,9,30.5,80,0.0,0.0
2023,9,30,12,29.0,88,0.0,0.0
2023,9,30,15,28.0,89,0.0,0.0
2023,9,30,18,27.8,92,0.0,0.0
2023,9,30,21,27.2,92,0.0,0.0
2023,10,1,0,26.8,93,0.0,4.0
2023,10,1,3,31.2,72,0.0,5.0
2023,10,1,6,34.0,58,0.0,8.0
2023,10,1,9,34.5,56,0.0,5.0
2023,10,1,12,29.0,86,0.0,4.0
2023,10,1,15,27.4,92,0.0,0.0
2023,10,1,18,26.8,92,0.0,5.0
2023,10,1,21,27.0,92,0.0,5.0
2023,10,2,0,27.2,93,0.0,0.0
2023,10,2,3,30.2,79,0.0,5.0
2023,10,2,6,31.5,70,0.0,5.0
2023,10,2,9,33.0,64,0.0,5.0
2023,10,2,12,30.0,80,0.0,5.0
2023,10,2,15,28.4,87,0.0,0.0
2023,10,2,18,27.0,92,0.0,0.0
2023,10,2,21,26.8,93,15.0,5.0
2023,10,3,0,26.6,93,1.6,5.0
2023,10,3,3,28.2,90,0.0,6.0
2023,10,3,6,31.2,75,0.0,6.0
2023,10,3,9,31.0,77,2.2,8.0
2023,10,3,12,28.8,86,0.0,5.0
2023,10,3,15,26.0,96,0.2,6.0
2023,10,3,18,25.8,93,2.2,5.0
2023,10,3,21,26.4,91,0.0,5.0
2023,10,4,0,27.0,92,0.0,8.0
2023,10,4,3,27.0,92,8.8,6.0
2023,10,4,6,26.5,92,13.6,6.0
2023,10,4,9,26.8,93,3.0,1.0
2023,10,4,12,26.2,91,7.0,1.0
2023,10,4,15,26.0,91,1.0,1.0
2023,10,4,18,25.8,93,0.4,1.0
2023,10,4,21,25.8,93,0.3,1.0
2023,10,5,0,25.6,93,0.4,1.0
2023,10,5,3,25.6,95,7.4,1.0
2023,10,5,6,26.0,92,4.4,1.0
2023,10,5,9,26.4,92,1.2,1.0
2023,10,5,12,26.0,88,0.1,9.0
2023,10,5,15,25.8,88,0.0,1.0
2023,10,5,18,25.5,90,0.0,1.0
2023,10,5,21,25.8,88,0.0,8.0
2023,10,6,0,26.0,87,0.0,1.0
2023,10,6,3,26.8,85,0.0,1.0
2023,10,6,6,26.0,91,0.4,1.0
2023,10,6,9,28.4,75,0.0,1.0
2023,10,6,12,26.0,86,0.0,6.0
2023,10,6,15,25.5,90,0.0,8.0
2023,10,6,18,25.5,90,0.0,6.0
2023,10,6,21,25.6,90,0.0,5.0
2023,10,7,0,25.4,91,0.0,5.0
2023,10,7,3,27.0,87,0.0,6.0
2023,10,7,6,29.0,83,0.0,6.0
2023,10,7,9,29.0,80,0.0,5.0
2023,10,7,12,27.5,83,0.0,5.0
2023,10,7,15,26.5,87,0.0,5.0
2023,10,7,18,25.8,89,0.0,4.0
2023,10,7,21,25.6,90,0.0,0.0
2023,10,8,0,26.0,91,0.0,0.0
2023,10,8,3,27.0,92,0.0,0.0
2023,10,8,6,31.4,74,0.0,5.0
2023,10,8,9,33.2,65,0.0,6.0
2023,10,8,12,28.2,91,12.0,5.0
2023,10,8,15,27.2,93,0.0,5.0
2023,10,8,18,26.4,95,0.0,5.0
2023,10,8,21,26.2,95,0.0,5.0
2023,10,9,0,26.0,95,0.0,5.0
2023,10,9,3,29.0,80,0.0,5.0
2023,10,9,6,33.5,65,0.0,5.0
2023,10,9,9,34.4,60,0.0,5.0
2023,10,9,12,29.5,83,0.0,0.0
2023,10,9,15,28.2,92,0.0,5.0
2023,10,9,18,27.2,92,0.0,5.0
2023,10,9,21,25.2,93,40.0,5.0
2023,10,10,0,24.5,96,61.0,0.0
2023,10,10,3,25.4,95,10.0,5.0
2023,10,10,6,28.4,80,0.0,5.0
2023,10,10,9,29.0,83,1.2,5.0
2023,10,10,12,27.6,90,0.0,0.0
2023,10,10,15,27.0,92,0.0,0.0
2023,10,10,18,26.5,93,5.0,0.0
2023,10,10,21,26.2,93,10.4,0.0
2023,10,11,0,26.5,93,0.0,0.0
2023,10,11,3,27.5,89,0.0,5.0
2023,10,11,6,32.0,70,0.0,5.0
2023,10,11,9,31.4,75,0.0,4.0
2023,10,11,12,30.2,82,0.0,2.0
2023,10,11,15,29.0,88,0.0,0.0
2023,10,11,18,28.0,92,0.0,0.0
2023,10,11,21,25.6,93,0.0,0.0
2023,10,12,0,26.0,93,0.0,0.0
2023,10,12,3,27.5,91,0.0,5.0
2023,10,12,6,31.5,74,0.0,3.0
2023,10,12,9,33.8,63,0.0,5.0
2023,10,12,12,30.2,81,0.0,4.0
2023,10,12,15,27.6,91,0.0,0.0
2023,10,12,18,26.6,92,0.0,0.0
2023,10,12,21,26.0,95,0.0,0.0
2023,10,13,0,25.6,95,0.0,0.0
2023,10,13,3,28.8,82,0.0,5.0
2023,10,13,6,32.0,70,0.0,5.0
2023,10,13,9,32.0,66,0.0,1.0
2023,10,13,12,29.0,80,0.0,0.0
2023,10,13,15,27.4,92,0.0,2.0
2023,10,13,18,26.8,93,0.0,0.0
2023,10,13,21,26.0,93,0.0,0.0
2023,10,14,0,25.0,93,0.0,0.0
2023,10,14,3,28.6,79,0.0,5.0
2023,10,14,6,33.2,62,0.0,5.0
2023,10,14,9,33.4,56,0.0,5.0
2023,10,14,12,28.8,80,0.0,0.0
2023,10,14,15,27.2,90,0.0,0.0
2023,10,14,18,26.5,93,0.0,0.0
2023,10,14,21,25.6,93,0.0,0.0
2023,10,15,0,25.0,92,0.0,0.0
2023,10,15,3,27.8,85,0.0,4.0
2023,10,15,6,32.4,62,0.0,2.0
2023,10,15,9,33.4,50,0.0,5.0
2023,10,15,12,28.4,83,0.0,5.0
2023,10,15,15,27.2,88,0.0,5.0
2023,10,15,18,26.6,92,0.0,0.0
2023,10,15,21,25.4,93,0.0,0.0
2023,10,16,0,24.6,95,0.0,4.0
2023,10,16,3,26.6,87,0.0,5.0
2023,10,16,6,31.0,63,0.0,4.0
2023,10,16,9,31.8,58,0.0,3.0
2023,10,16,12,28.6,79,0.0,2.0
2023,10,16,15,26.8,92,0.0,2.0
2023,10,16,18,26.4,92,0.0,0.0
2023,10,16,21,24.3,90,0.0,0.0
2023,10,17,0,23.6,94,0.0,0.0
2023,10,17,3,26.6,81,0.0,0.0
2023,10,17,6,30.6,63,0.0,5.0
2023,10,17,9,33.0,55,0.0,4.0
2023,10,17,12,28.5,78,0.0,0.0
2023,10,17,15,26.0,91,0.0,0.0
2023,10,17,18,25.4,93,0.0,0.0
2023,10,17,21,24.4,93,0.0,0.0
2023,10,18,0,23.4,93,0.0,0.0
2023,10,18,3,27.4,79,0.0,0.0
2023,10,18,6,31.0,64,0.0,5.0
2023,10,18,9,31.8,62,0.0,5.0
2023,10,18,12,28.0,79,0.0,0.0
2023,10,18,15,26.4,88,0.0,0.0
2023,10,18,18,25.4,95,0.0,0.0
2023,10,18,21,23.4,93,0.0,0.0
2023,10,19,0,22.2,93,0.0,0.0
2023,10,19,3,27.4,78,0.0,0.0
2023,10,19,6,30.5,59,0.0,0.0
2023,10,19,9,33.4,46,0.0,5.0
2023,10,19,12,27.4,78,0.0,5.0
2023,10,19,15,25.6,86,0.0,0.0
2023,10,19,18,24.0,91,0.0,0.0
2023,10,19,21,22.4,93,0.0,0.0
2023,10,20,0,21.5,94,0.0,0.0
2023,10,20,3,27.0,75,0.0,5.0
2023,10,20,6,31.5,57,0.0,5.0
2023,10,20,9,31.0,56,0.0,4.0
2023,10,20,12,27.6,78,0.0,2.0
2023,10,20,15,26.4,85,0.0,2.0
2023,10,20,18,25.2,91,0.0,2.0
2023,10,20,21,23.0,91,0.0,0.0
2023,10,21,0,22.2,94,0.0,0.0
2023,10,21,3,26.2,69,0.0,5.0
2023,10,21,6,30.5,59,0.0,5.0
2023,10,21,9,31.4,56,0.0,6.0
2023,10,21,12,28.0,74,0.0,2.0
2023,10,21,15,25.4,89,0.0,0.0
2023,10,21,18,24.8,93,0.0,0.0
2023,10,21,21,23.0,91,0.0,5.0
2023,10,22,0,21.7,91,0.0,5.0
2023,10,22,3,26.2,61,0.0,5.0
2023,10,22,6,31.2,43,0.0,5.0
2023,10,22,9,32.2,52,0.0,0.0
2023,10,22,12,27.0,75,0.0,0.0
2023,10,22,15,25.0,89,0.0,0.0
2023,10,22,18,24.0,94,0.0,0.0
2023,10,22,21,22.8,90,0.0,0.0
2023,10,23,0,21.6,87,0.0,5.0
2023,10,23,3,25.6,62,0.0,5.0
2023,10,23,6,29.0,61,0.0,5.0
2023,10,23,9,29.5,65,0.0,0.0
2023,10,23,12,28.2,72,0.0,0.0
2023,10,23,15,25.6,91,0.0,2.0
2023,10,23,18,24.8,93,0.0,3.0
2023,10,23,21,23.0,85,0.0,5.0
2023,10,24,0,22.0,80,0.0,5.0
2023,10,24,3,24.0,73,0.0,5.0
2023,10,24,6,28.8,64,0.0,5.0
2023,10,24,9,30.2,69,0.0,5.0
2023,10,24,12,27.6,87,0.0,4.0
2023,10,24,15,25.6,95,0.0,4.0
2023,10,24,18,24.6,95,0.0,4.0
2023,10,24,21,22.0,85,0.0,0.0
2023,10,25,0,21.4,87,0.0,0.0
2023,10,25,3,25.4,65,0.0,6.0
2023,10,25,6,30.4,52,0.0,8.0
2023,10,25,9,32.2,39,0.0,6.0
2023,10,25,12,27.8,66,0.0,0.0
2023,10,25,15,24.0,81,0.0,0.0
2023,10,25,18,23.0,85,0.0,0.0
2023,10,25,21,22.4,91,0.0,0.0
2023,10,26,0,21.6,94,0.0,0.0
2023,10,26,3,27.0,69,0.0,0.0
2023,10,26,6,32.0,51,0.0,0.0
2023,10,26,9,33.0,52,0.0,5.0
2023,10,26,12,27.0,78,0.0,5.0
2023,10,26,15,23.6,86,0.0,5.0
2023,10,26,18,22.5,88,0.0,5.0
2023,10,26,21,21.6,89,0.0,0.0
2023,10,27,0,21.0,90,0.0,0.0
2023,10,27,3,27.6,71,0.0,0.0
2023,10,27,6,31.6,63,0.0,0.0
2023,10,27,9,32.4,44,0.0,5.0
2023,10,27,12,26.0,74,0.0,0.0
2023,10,27,15,24.5,87,0.0,0.0
2023,10,27,18,22.5,91,0.0,0.0
2023,10,27,21,21.2,90,0.0,0.0
2023,10,28,0,20.5,93,0.0,0.0
2023,10,28,3,25.5,72,0.0,5.0
2023,10,28,6,30.0,49,0.0,5.0
2023,10,28,9,31.6,41,0.0,0.0
2023,10,28,12,25.2,69,0.0,0.0
2023,10,28,15,23.6,80,0.0,0.0
2023,10,28,18,22.5,86,0.0,0.0
2023,10,28,21,20.2,90,0.0,0.0
2023,10,29,0,19.0,92,0.0,0.0
2023,10,29,3,24.6,67,0.0,0.0
2023,10,29,6,30.0,55,0.0,5.0
2023,10,29,9,31.4,32,0.0,0.0
2023,10,29,12,26.0,80,0.0,0.0
2023,10,29,15,23.5,81,0.0,0.0
2023,10,29,18,23.0,81,0.0,0.0
2023,10,29,21,21.6,91,0.0,0.0
2023,10,30,0,21.0,92,0.0,0.0
2023,10,30,3,26.0,71,0.0,5.0
2023,10,30,6,31.0,56,0.0,8.0
2023,10,30,9,31.9,51,0.0,5.0
2023,10,30,12,26.5,79,0.0,5.0
2023,10,30,15,24.8,89,0.0,3.0
2023,10,30,18,24.0,93,0.0,5.0
2023,10,30,21,23.4,91,0.0,0.0
2023,10,31,0,22.5,89,0.0,0.0
2023,10,31,3,26.4,66,0.0,5.0
2023,10,31,6,31.5,54,0.0,5.0
2023,10,31,9,32.8,41,0.0,6.0
2023,10,31,12,27.0,70,0.0,4.0
2023,10,31,15,24.6,86,0.0,2.0
2023,10,31,18,23.8,91,0.0,3.0
2023,10,31,21,22.2,80,0.0,0.0
2023,11,1,0,21.8,85,0.0,0.0
2023,11,1,3,27.5,64,0.0,0.0
2023,11,1,6,31.0,51,0.0,9.0
2023,11,1,9,32.8,47,0.0,0.0
2023,11,1,12,27.4,75,0.0,0.0
2023,11,1,15,25.0,82,0.0,0.0
2023,11,1,18,23.6,86,0.0,0.0
2023,11,1,21,22.6,88,0.0,0.0
2023,11,2,0,22.0,91,0.0,0.0
2023,11,2,3,25.5,74,0.0,5.0
2023,11,2,6,31.2,53,0.0,5.0
2023,11,2,9,32.4,51,0.0,4.0
2023,11,2,12,27.8,78,0.0,2.0
2023,11,2,15,25.5,87,0.0,0.0
2023,11,2,18,24.4,87,0.0,0.0
2023,11,2,21,22.4,92,0.0,0.0
2023,11,3,0,21.6,94,0.0,0.0
2023,11,3,3,26.4,71,0.0,1.0
2023,11,3,6,30.4,56,0.0,4.0
2023,11,3,9,32.5,48,0.0,5.0
2023,11,3,12,26.2,74,0.0,0.0
2023,11,3,15,24.0,89,0.0,0.0
2023,11,3,18,23.5,91,0.0,5.0
2023,11,3,21,22.0,91,0.0,0.0
2023,11,4,0,21.0,95,0.0,0.0
2023,11,4,3,26.5,76,0.0,2.0
2023,11,4,6,32.0,51,0.0,1.0
2023,11,4,9,31.8,49,0.0,4.0
2023,11,4,12,26.4,77,0.0,3.0
2023,11,4,15,23.8,91,0.0,1.0
2023,11,4,18,23.2,93,0.0,3.0
2023,11,4,21,22.0,91,0.0,0.0
2023,11,5,0,21.0,92,0.0,0.0
2023,11,5,3,25.5,78,0.0,0.0
2023,11,5,6,29.8,51,0.0,0.0
2023,11,5,9,30.6,43,0.0,0.0
2023,11,5,12,26.2,71,0.0,0.0
2023,11,5,15,23.8,84,0.0,2.0
2023,11,5,18,23.0,91,0.0,2.0
2023,11,5,21,21.2,90,0.0,0.0
2023,11,6,0,20.8,92,0.0,0.0
2023,11,6,3,24.4,80,0.0,0.0
2023,11,6,6,29.5,59,0.0,0.0
2023,11,6,9,30.6,50,0.0,6.0
2023,11,6,12,25.6,77,0.0,0.0
2023,11,6,15,23.6,89,0.0,2.0
2023,11,6,18,22.6,93,0.0,0.0
2023,11,6,21,21.0,93,0.0,0.0
2023,11,7,0,20.0,94,0.0,0.0
2023,11,7,3,25.2,75,0.0,5.0
2023,11,7,6,29.5,52,0.0,5.0
2023,11,7,9,29.2,51,0.0,0.0
2023,11,7,12,24.5,81,0.0,0.0
2023,11,7,15,23.0,89,0.0,0.0
2023,11,7,18,22.6,91,0.0,0.0
2023,11,7,21,20.2,92,0.0,0.0
2023,11,8,0,18.6,94,0.0,0.0
2023,11,8,3,23.6,80,0.0,0.0
2023,11,8,6,29.8,52,0.0,0.0
2023,11,8,9,30.8,48,0.0,4.0
2023,11,8,12,25.5,69,0.0,0.0
2023,11,8,15,23.5,77,0.0,0.0
2023,11,8,18,22.8,81,0.0,0.0
2023,11,8,21,19.2,92,0.0,0.0
2023,11,9,0,18.8,94,0.0,0.0
2023,11,9,3,23.5,81,0.0,0.0
2023,11,9,6,30.0,46,0.0,0.0
2023,11,9,9,30.8,45,0.0,5.0
2023,11,9,12,24.0,78,0.0,0.0
2023,11,9,15,21.8,89,0.0,5.0
2023,11,9,18,21.0,90,0.0,0.0
2023,11,9,21,19.6,94,0.0,0.0
2023,11,10,0,18.0,95,0.0,0.0
2023,11,10,3,22.6,81,0.0,5.0
2023,11,10,6,29.0,51,0.0,5.0
2023,11,10,9,30.4,46,0.0,4.0
2023,11,10,12,25.0,71,0.0,0.0
2023,11,10,15,23.0,79,0.0,0.0
2023,11,10,18,21.5,86,0.0,0.0
2023,11,10,21,20.5,90,0.0,5.0
2023,11,11,0,18.8,92,0.0,5.0
2023,11,11,3,24.0,69,0.0,5.0
2023,11,11,6,28.4,64,0.0,0.0
2023,11,11,9,30.0,46,0.0,4.0
2023,11,11,12,24.8,75,0.0,0.0
2023,11,11,15,23.2,84,0.0,0.0
2023,11,11,18,21.4,96,0.0,0.0
2023,11,11,21,19.2,94,0.0,0.0
2023,11,12,0,18.5,95,0.0,0.0
2023,11,12,3,24.5,70,0.0,5.0
2023,11,12,6,29.6,45,0.0,5.0
2023,11,12,9,30.0,42,0.0,5.0
2023,11,12,12,25.6,68,0.0,0.0
2023,11,12,15,24.0,73,0.0,0.0
2023,11,12,18,21.5,86,0.0,0.0
2023,11,12,21,19.4,93,0.0,0.0
2023,11,13,0,18.2,94,0.0,0.0
2023,11,13,3,23.8,71,0.0,2.0
2023,11,13,6,29.6,50,0.0,5.0
2023,11,13,9,30.6,46,0.0,5.0
2023,11,13,12,23.8,81,0.0,0.0
2023,11,13,15,21.4,88,0.0,0.0
2023,11,13,18,20.8,90,0.0,2.0
2023,11,13,21,20.4,88,0.0,0.0
2023,11,14,0,19.5,85,0.0,0.0
2023,11,14,3,24.5,61,0.0,5.0
2023,11,14,6,30.5,37,0.0,5.0
2023,11,14,9,31.0,43,0.0,4.0
2023,11,14,12,26.0,68,0.0,2.0
2023,11,14,15,23.2,79,0.0,3.0
2023,11,14,18,20.6,90,0.0,2.0
2023,11,14,21,19.8,92,0.0,4.0
2023,11,15,0,19.0,92,0.0,4.0
2023,11,15,3,23.6,67,0.0,5.0
2023,11,15,6,29.5,47,0.0,5.0
2023,11,15,9,30.5,50,0.0,6.0
2023,11,15,12,24.5,74,0.0,4.0
2023,11,15,15,22.0,87,0.0,0.0
2023,11,15,18,20.4,88,0.0,0.0
2023,11,15,21,19.8,90,0.0,5.0
2023,11,16,0,19.0,90,0.0,6.0
2023,11,16,3,23.8,60,0.0,5.0
2023,11,16,6,29.5,50,0.0,8.0
2023,11,16,9,29.5,55,0.0,5.0
2023,11,16,12,26.0,73,0.0,5.0
2023,11,16,15,24.4,80,0.0,4.0
2023,11,16,18,22.0,91,0.0,2.0
2023,11,16,21,21.8,90,0.0,5.0
2023,11,17,0,21.7,91,0.0,5.0
2023,11,17,3,25.0,74,0.0,6.0
2023,11,17,6,29.5,55,0.0,1.0
2023,11,17,9,30.6,42,0.0,8.0
2023,11,17,12,26.5,63,0.0,5.0
2023,11,17,15,24.8,75,0.0,5.0
2023,11,17,18,23.4,81,0.0,4.0
2023,11,17,21,20.4,88,0.0,5.0
2023,11,18,0,19.0,86,0.0,5.0
2023,11,18,3,23.4,71,0.0,8.0
2023,11,18,6,26.4,59,0.0,5.0
2023,11,18,9,29.0,54,0.0,6.0
2023,11,18,12,24.6,77,0.0,2.0
2023,11,18,15,21.5,86,0.0,0.0
2023,11,18,18,21.0,90,0.0,0.0
2023,11,18,21,20.2,90,0.0,0.0
2023,11,19,0,19.5,90,0.0,0.0
2023,11,19,3,24.5,70,0.0,8.0
2023,11,19,6,29.0,51,0.0,6.0
2023,11,19,9,30.0,49,0.0,6.0
2023,11,19,12,25.0,74,0.0,2.0
2023,11,19,15,23.1,83,0.0,0.0
2023,11,19,18,22.0,86,0.0,0.0
2023,11,19,21,20.5,90,0.0,0.0
2023,11,20,0,19.0,94,0.0,0.0
2023,11,20,3,24.0,71,0.0,0.0
2023,11,20,6,29.8,63,0.0,5.0
2023,11,20,9,30.5,45,0.0,6.0
2023,11,20,12,25.4,67,0.0,2.0
2023,11,20,15,22.8,84,0.0,2.0
2023,11,20,18,22.2,89,0.0,0.0
2023,11,20,21,21.0,90,0.0,3.0
2023,11,21,0,19.3,91,0.0,2.0
2023,11,21,3,23.0,77,0.0,0.0
2023,11,21,6,29.0,61,0.0,0.0
2023,11,21,9,31.6,43,0.0,5.0
2023,11,21,12,24.0,71,0.0,5.0
2023,11,21,15,21.2,88,0.0,0.0
2023,11,21,18,20.0,95,0.0,0.0
2023,11,21,21,17.4,95,0.0,0.0
2023,11,22,0,16.1,94,0.0,0.0
2023,11,22,3,22.4,73,0.0,5.0
2023,11,22,6,28.4,44,0.0,5.0
2023,11,22,9,28.4,44,0.0,4.0
2023,11,22,12,22.5,68,0.0,3.0
2023,11,22,15,21.4,76,0.0,3.0
2023,11,22,18,20.4,86,0.0,0.0
2023,11,22,21,17.0,92,0.0,0.0
2023,11,23,0,16.0,94,0.0,0.0
2023,11,23,3,20.2,82,0.0,0.0
2023,11,23,6,28.4,49,0.0,4.0
2023,11,23,9,29.4,41,0.0,6.0
2023,11,23,12,23.6,75,0.0,5.0
2023,11,23,15,21.0,90,0.0,0.0
2023,11,23,18,20.0,90,0.0,3.0
2023,11,23,21,19.0,92,0.0,0.0
2023,11,24,0,18.5,93,0.0,0.0
2023,11,24,3,22.6,79,0.0,5.0
2023,11,24,6,29.5,52,0.0,5.0
2023,11,24,9,29.0,49,0.0,2.0
2023,11,24,12,24.5,74,0.0,0.0
2023,11,24,15,21.5,91,0.0,4.0
2023,11,24,18,20.0,95,0.0,0.0
2023,11,24,21,19.6,92,0.0,5.0
2023,11,25,0,18.8,93,0.0,5.0
2023,11,25,3,23.2,80,0.0,3.0
2023,11,25,6,29.4,53,0.0,5.0
2023,11,25,9,29.6,41,0.0,6.0
2023,11,25,12,24.5,68,0.0,4.0
2023,11,25,15,21.0,86,0.0,2.0
2023,11,25,18,20.2,90,0.0,4.0
2023,11,25,21,19.2,92,0.0,0.0
2023,11,26,0,18.0,94,0.0,5.0
2023,11,26,3,23.5,64,0.0,5.0
2023,11,26,6,29.8,47,0.0,5.0
2023,11,26,9,30.4,29,0.0,0.0
2023,11,26,12,23.0,68,0.0,0.0
2023,11,26,15,21.0,85,0.0,4.0
2023,11,26,18,20.0,88,0.0,0.0
2023,11,26,21,19.0,87,0.0,0.0
2023,11,27,0,18.2,85,0.0,5.0
2023,11,27,3,23.4,57,0.0,5.0
2023,11,27,6,30.0,39,0.0,8.0
2023,11,27,9,30.5,35,0.0,5.0
2023,11,27,12,24.2,63,0.0,5.0
2023,11,27,15,22.4,72,0.0,5.0
2023,11,27,18,21.2,76,0.0,5.0
2023,11,27,21,20.4,82,0.0,0.0
2023,11,28,0,19.6,84,0.0,0.0
2023,11,28,3,23.0,68,0.0,5.0
2023,11,28,6,29.0,48,0.0,5.0
2023,11,28,9,31.0,38,0.0,5.0
2023,11,28,12,25.6,62,0.0,5.0
2023,11,28,15,22.2,79,0.0,0.0
2023,11,28,18,21.8,83,0.0,0.0
2023,11,28,21,19.8,85,0.0,0.0
2023,11,29,0,19.0,86,0.0,5.0
2023,11,29,3,22.0,72,0.0,6.0
2023,11,29,6,28.0,52,0.0,5.0
2023,11,29,9,29.8,46,0.0,0.0
2023,11,29,12,23.4,72,0.0,0.0
2023,11,29,15,21.0,85,0.0,0.0
2023,11,29,18,19.8,86,0.0,0.0
2023,11,29,21,19.0,88,0.0,0.0
2023,11,30,0,18.0,89,0.0,0.0
2023,11,30,3,22.0,72,0.0,6.0
2023,11,30,6,29.0,45,0.0,6.0
2023,11,30,9,29.0,45,0.0,6.0
2023,11,30,12,22.8,72,0.0,0.0
2023,11,30,15,19.8,87,0.0,0.0
2023,11,30,18,19.6,87,0.0,0.0
2023,11,30,21,18.4,87,0.0,0.0
2023,12,1,0,18.0,89,0.0,0.0
2023,12,1,3,22.0,67,0.0,5.0
2023,12,1,6,28.0,46,0.0,5.0
2023,12,1,9,27.8,40,0.0,5.0
2023,12,1,12,23.4,65,0.0,5.0
2023,12,1,15,20.8,83,0.0,4.0
2023,12,1,18,20.0,88,0.0,0.0
2023,12,1,21,20.0,79,0.0,0.0
2023,12,2,0,19.0,85,0.0,0.0
2023,12,2,3,22.0,72,0.0,0.0
2023,12,2,6,29.6,50,0.0,5.0
2023,12,2,9,30.4,43,0.0,3.0
2023,12,2,12,24.0,73,0.0,1.0
2023,12,2,15,21.0,86,0.0,0.0
2023,12,2,18,19.8,90,0.0,0.0
2023,12,2,21,18.8,92,0.0,0.0
2023,12,3,0,17.0,93,0.0,5.0
2023,12,3,3,20.8,76,0.0,5.0
2023,12,3,6,28.0,48,0.0,5.0
2023,12,3,9,29.8,47,0.0,4.0
2023,12,3,12,23.2,75,0.0,2.0
2023,12,3,15,20.6,90,0.0,2.0
2023,12,3,18,19.6,92,0.0,2.0
2023,12,3,21,19.0,90,0.0,0.0
2023,12,4,0,17.2,93,0.0,0.0
2023,12,4,3,21.0,71,0.0,5.0
2023,12,4,6,28.2,38,0.0,5.0
2023,12,4,9,30.0,39,0.0,4.0
2023,12,4,12,23.5,76,0.0,3.0
2023,12,4,15,20.4,90,0.0,1.0
2023,12,4,18,19.5,91,0.0,2.0
2023,12,4,21,19.5,87,0.0,0.0
2023,12,5,0,19.5,90,0.0,0.0
2023,12,5,3,21.5,80,0.0,0.0
2023,12,5,6,25.3,58,0.0,0.0
2023,12,5,9,26.4,57,0.0,2.0
2023,12,5,12,23.4,77,0.0,2.0
2023,12,5,15,21.2,84,0.0,4.0
2023,12,5,18,20.2,88,0.0,6.0
2023,12,5,21,19.5,85,0.0,0.0
2023,12,6,0,18.5,90,0.0,5.0
2023,12,6,3,21.8,80,0.0,4.0
2023,12,6,6,27.8,55,0.0,4.0
2023,12,6,9,27.4,57,0.0,0.0
2023,12,6,12,22.5,91,0.4,5.0
2023,12,6,15,21.7,89,0.0,5.0
2023,12,6,18,20.6,90,0.4,5.0
2023,12,6,21,20.6,92,0.8,5.0
2023,12,7,0,20.6,92,0.0,5.0
2023,12,7,3,21.6,91,0.0,4.0
2023,12,7,6,22.5,63,0.8,4.0
2023,12,7,9,22.1,85,1.2,4.0
2023,12,7,12,21.0,90,1.3,5.0
2023,12,7,15,20.0,90,0.0,2.0
2023,12,7,18,20.0,90,0.4,2.0
2023,12,7,21,19.8,90,0.0,0.0
2023,12,8,0,19.8,87,0.0,5.0
2023,12,8,3,22.4,79,0.0,5.0
2023,12,8,6,26.6,55,0.0,5.0
2023,12,8,9,27.6,49,0.0,7.0
2023,12,8,12,23.0,79,0.0,4.0
2023,12,8,15,20.0,90,0.0,4.0
2023,12,8,18,19.3,92,0.0,3.0
2023,12,8,21,19.5,90,0.0,0.0
2023,12,9,0,19.5,93,0.0,0.0
2023,12,9,3,20.0,90,0.0,4.0
2023,12,9,6,21.0,86,0.0,4.0
2023,12,9,9,22.0,77,0.0,5.0
2023,12,9,12,20.0,79,0.0,5.0
2023,12,9,15,18.0,89,0.0,5.0
2023,12,9,18,17.5,92,0.0,5.0
2023,12,9,21,17.5,92,0.0,0.0
2023,12,10,0,18.0,96,0.0,0.0
2023,12,10,3,18.0,95,0.0,3.0
2023,12,10,6,21.2,78,0.0,3.0
2023,12,10,9,23.0,72,0.0,0.0
2023,12,10,12,19.4,90,0.0,0.0
2023,12,10,15,17.8,89,0.0,0.0
2023,12,10,18,16.6,90,0.0,0.0
2023,12,10,21,15.8,93,0.0,0.0
2023,12,11,0,14.6,95,0.0,0.0
2023,12,11,3,15.0,94,0.0,0.0
2023,12,11,6,19.5,79,0.0,5.0
2023,12,11,9,23.0,72,0.0,4.0
2023,12,11,12,20.0,85,0.0,0.0
2023,12,11,15,18.0,92,0.0,2.0
2023,12,11,18,16.8,93,0.0,0.0
2023,12,11,21,16.0,94,0.0,4.0
2023,12,12,0,15.0,94,0.0,4.0
2023,12,12,3,17.8,89,0.0,5.0
2023,12,12,6,25.0,56,0.0,5.0
2023,12,12,9,26.5,51,0.0,0.0
2023,12,12,12,21.5,76,0.0,0.0
2023,12,12,15,18.5,87,0.0,0.0
2023,12,12,18,17.2,89,0.0,0.0
2023,12,12,21,16.2,90,0.0,0.0
2023,12,13,0,14.8,91,0.0,5.0
2023,12,13,3,17.6,83,0.0,5.0
2023,12,13,6,25.2,45,0.0,5.0
2023,12,13,9,26.8,41,0.0,6.0
2023,12,13,12,19.4,66,0.0,5.0
2023,12,13,15,16.0,83,0.0,4.0
2023,12,13,18,14.3,88,0.0,5.0
2023,12,13,21,13.4,93,0.0,0.0
2023,12,14,0,12.5,94,0.0,0.0
2023,12,14,3,17.0,78,0.0,3.0
2023,12,14,6,22.4,51,0.0,5.0
2023,12,14,9,26.0,28,0.0,4.0
2023,12,14,12,18.0,74,0.0,0.0
2023,12,14,15,15.8,89,0.0,2.0
2023,12,14,18,14.4,91,0.0,0.0
2023,12,14,21,13.2,93,0.0,0.0
2023,12,15,0,13.4,90,0.0,0.0
2023,12,15,3,16.6,91,0.0,0.0
2023,12,15,6,20.6,71,0.0,5.0
2023,12,15,9,25.0,50,0.0,4.0
2023,12,15,12,19.5,79,0.0,0.0
2023,12,15,15,17.0,89,0.0,0.0
2023,12,15,18,15.5,92,0.0,0.0
2023,12,15,21,14.0,92,0.0,0.0
2023,12,16,0,13.0,93,0.0,4.0
2023,12,16,3,17.0,84,0.0,0.0
2023,12,16,6,23.8,60,0.0,0.0
2023,12,16,9,26.4,41,0.0,4.0
2023,12,16,12,20.0,72,0.0,2.0
2023,12,16,15,17.0,89,0.0,0.0
2023,12,16,18,15.6,91,0.0,0.0
2023,12,16,21,14.4,91,0.0,0.0
2023,12,17,0,13.0,91,0.0,0.0
2023,12,17,3,16.2,87,0.0,0.0
2023,12,17,6,25.2,50,0.0,0.0
2023,12,17,9,26.4,45,0.0,0.0
2023,12,17,12,20.4,76,0.0,0.0
2023,12,17,15,17.0,89,0.0,0.0
2023,12,17,18,16.0,91,0.0,0.0
2023,12,17,21,14.2,91,0.0,0.0
2023,12,18,0,13.6,93,0.0,0.0
2023,12,18,3,18.0,83,0.0,0.0
2023,12,18,6,25.0,50,0.0,5.0
2023,12,18,9,26.0,47,0.0,3.0
2023,12,18,12,20.6,76,0.0,2.0
2023,12,18,15,17.2,89,0.0,0.0
2023,12,18,18,16.4,91,0.0,2.0
2023,12,18,21,14.8,91,0.0,0.0
2023,12,19,0,13.5,92,0.0,0.0
2023,12,19,3,16.0,89,0.0,0.0
2023,12,19,6,24.0,57,0.0,0.0
2023,12,19,9,25.8,45,0.0,5.0
2023,12,19,12,20.4,76,0.0,3.0
2023,12,19,15,17.3,89,0.0,3.0
2023,12,19,18,16.0,91,0.0,0.0
2023,12,19,21,14.8,91,0.0,0.0
2023,12,20,0,13.5,94,0.0,0.0
2023,12,20,3,19.0,75,0.0,5.0
2023,12,20,6,26.0,51,0.0,7.0
2023,12,20,9,26.5,38,0.0,0.0
2023,12,20,12,20.5,71,0.0,0.0
2023,12,20,15,17.0,89,0.0,0.0
2023,12,20,18,15.2,92,0.0,0.0
2023,12,20,21,14.0,93,0.0,0.0
2023,12,21,0,13.5,94,0.0,4.0
2023,12,21,3,19.2,71,0.0,6.0
2023,12,21,6,26.5,45,0.0,7.0
2023,12,21,9,27.4,43,0.0,4.0
2023,12,21,12,21.8,70,0.0,2.0
2023,12,21,15,18.0,85,0.0,0.0
2023,12,21,18,16.0,85,0.0,0.0
2023,12,21,21,15.0,89,0.0,0.0
2023,12,22,0,14.4,91,0.0,0.0
2023,12,22,3,18.6,68,0.0,5.0
2023,12,22,6,26.0,44,0.0,6.0
2023,12,22,9,27.4,41,0.0,3.0
2023,12,22,12,22.0,65,0.0,2.0
2023,12,22,15,18.0,84,0.0,4.0
2023,12,22,18,16.2,87,0.0,4.0
2023,12,22,21,16.0,87,0.0,4.0
2023,12,23,0,16.5,82,0.0,5.0
2023,12,23,3,19.0,69,0.0,7.0
2023,12,23,6,22.6,55,0.0,5.0
2023,12,23,9,24.8,48,0.0,5.0
2023,12,23,12,20.0,75,0.0,0.0
2023,12,23,15,17.8,86,0.0,4.0
2023,12,23,18,16.8,91,0.0,2.0
2023,12,23,21,16.0,93,0.0,0.0
2023,12,24,0,15.2,92,0.0,0.0
2023,12,24,3,19.0,74,0.0,5.0
2023,12,24,6,24.2,57,0.0,5.0
2023,12,24,9,27.3,50,0.0,4.0
2023,12,24,12,21.0,75,0.0,0.0
2023,12,24,15,18.5,85,0.0,0.0
2023,12,24,18,16.5,89,0.0,0.0
2023,12,24,21,15.8,91,0.0,0.0
2023,12,25,0,15.0,93,0.0,0.0
2023,12,25,3,18.6,78,0.0,4.0
2023,12,25,6,26.0,51,0.0,2.0
2023,12,25,9,27.8,48,0.0,5.0
2023,12,25,12,21.8,71,0.0,0.0
2023,12,25,15,18.3,86,0.0,0.0
2023,12,25,18,16.8,91,0.0,0.0
2023,12,25,21,16.0,91,0.0,0.0
2023,12,26,0,15.0,93,0.0,0.0
2023,12,26,3,19.2,85,0.0,5.0
2023,12,26,6,26.8,45,0.0,5.0
2023,12,26,9,27.6,46,0.0,2.0
2023,12,26,12,23.0,68,0.0,4.0
2023,12,26,15,18.8,87,0.0,4.0
2023,12,26,18,17.4,89,0.0,0.0
2023,12,26,21,16.2,91,0.0,0.0
2023,12,27,0,15.0,93,0.0,5.0
2023,12,27,3,18.8,82,0.0,5.0
2023,12,27,6,26.4,48,0.0,5.0
2023,12,27,9,27.8,48,0.0,0.0
2023,12,27,12,22.5,68,0.0,2.0
2023,12,27,15,19.0,85,0.0,4.0
2023,12,27,18,18.5,87,0.0,4.0
2023,12,27,21,17.5,89,0.0,2.0
2023,12,28,0,16.2,87,0.0,4.0
2023,12,28,3,20.0,75,0.0,5.0
2023,12,28,6,26.8,47,0.0,5.0
2023,12,28,9,28.2,42,0.0,0.0
2023,12,28,12,22.2,72,0.0,0.0
2023,12,28,15,19.8,82,0.0,0.0
2023,12,28,18,18.8,85,0.0,0.0
2023,12,28,21,16.4,91,0.0,0.0
2023,12,29,0,15.2,93,0.0,0.0
2023,12,29,3,20.2,72,0.0,4.0
2023,12,29,6,27.0,48,0.0,6.0
2023,12,29,9,28.5,38,0.0,4.0
2023,12,29,12,21.6,72,0.0,0.0
2023,12,29,15,18.6,88,0.0,0.0
2023,12,29,18,18.2,89,0.0,0.0
2023,12,29,21,17.2,92,0.0,0.0
2023,12,30,0,15.5,94,0.0,0.0
2023,12,30,3,20.2,78,0.0,5.0
2023,12,30,6,24.2,63,0.0,8.0
2023,12,30,9,26.0,62,0.0,8.0
2023,12,30,12,21.4,73,0.0,8.0
2023,12,30,15,17.2,89,0.0,6.0
2023,12,30,18,16.0,91,0.0,5.0
2023,12,30,21,15.8,91,0.0,5.0
2023,12,31,0,15.6,91,0.0,5.0
2023,12,31,3,15.6,93,0.0,5.0
2023,12,31,6,18.0,84,0.0,4.0
2023,12,31,9,22.5,63,0.0,6.0
2023,12,31,12,19.0,79,0.0,5.0
2023,12,31,15,16.0,89,0.0,5.0
2023,12,31,18,16.0,91,0.0,5.0
2023,12,31,21,15.0,93,0.0,6.0
2024,1,1,0,13.8,95,0.0,6.0
2024,1,1,3,14.0,94,0.0,5.0
2024,1,1,6,16.8,83,0.0,5.0
2024,1,1,9,18.7,72,0.0,8.0
2024,1,1,12,17.4,81,0.0,5.0
2024,1,1,15,14.2,91,0.0,5.0
2024,1,1,18,13.4,95,0.0,4.0
2024,1,1,21,13.2,95,0.0,4.0
2024,1,2,0,11.8,96,0.0,2.0
2024,1,2,3,13.0,94,0.0,0.0
2024,1,2,6,15.0,86,0.0,0.0
2024,1,2,9,16.6,84,0.0,5.0
2024,1,2,12,14.5,89,0.0,4.0
2024,1,2,15,12.2,95,0.0,0.0
2024,1,2,18,10.5,93,0.0,0.0
2024,1,2,21,11.0,90,0.0,0.0
2024,1,3,0,11.8,92,0.0,0.0
2024,1,3,3,12.5,91,0.0,0.0
2024,1,3,6,20.5,67,0.0,4.0
2024,1,3,9,25.0,47,0.0,0.0
2024,1,3,12,20.0,75,0.0,0.0
2024,1,3,15,18.0,78,0.0,0.0
2024,1,3,18,16.0,89,0.0,0.0
2024,1,3,21,13.0,91,0.0,0.0
2024,1,4,0,11.6,92,0.0,4.0
2024,1,4,3,20.8,68,0.0,0.0
2024,1,4,6,25.0,43,0.0,0.0
2024,1,4,9,27.0,35,0.0,3.0
2024,1,4,12,21.0,67,0.0,3.0
2024,1,4,15,16.0,86,0.0,5.0
2024,1,4,18,14.5,89,0.0,3.0
2024,1,4,21,13.0,88,0.0,0.0
2024,1,5,0,11.8,92,0.0,0.0
2024,1,5,3,16.0,89,0.0,5.0
2024,1,5,6,25.0,46,0.0,0.0
2024,1,5,9,27.2,37,0.0,4.0
2024,1,5,12,20.6,66,0.0,2.0
2024,1,5,15,17.5,82,0.0,2.0
2024,1,5,18,15.8,89,0.0,0.0
2024,1,5,21,13.4,90,0.0,0.0
2024,1,6,0,13.1,91,0.0,2.0
2024,1,6,3,16.5,86,0.0,0.0
2024,1,6,6,23.0,53,0.0,0.0
2024,1,6,9,25.7,46,0.0,5.0
2024,1,6,12,20.5,77,0.0,0.0
2024,1,6,15,15.6,89,0.0,0.0
2024,1,6,18,13.8,91,0.0,0.0
2024,1,6,21,14.2,93,0.0,0.0
2024,1,7,0,13.8,95,0.0,0.0
2024,1,7,3,14.6,93,0.0,2.0
2024,1,7,6,21.2,65,0.0,2.0
2024,1,7,9,25.5,51,0.0,8.0
2024,1,7,12,19.5,79,0.0,0.0
2024,1,7,15,17.0,89,0.0,4.0
2024,1,7,18,15.4,93,0.0,2.0
2024,1,7,21,14.2,93,0.0,4.0
2024,1,8,0,17.0,91,0.0,8.0
2024,1,8,3,17.2,89,0.0,4.0
2024,1,8,6,21.0,71,0.0,5.0
2024,1,8,9,24.0,60,0.0,5.0
2024,1,8,12,19.0,76,0.0,0.0
2024,1,8,15,16.0,93,0.0,0.0
2024,1,8,18,14.8,95,0.0,0.0
2024,1,8,21,15.2,93,0.0,0.0
2024,1,9,0,15.8,92,0.0,4.0
2024,1,9,3,16.3,90,0.0,4.0
2024,1,9,6,19.6,70,0.0,2.0
2024,1,9,9,22.0,62,0.0,6.0
2024,1,9,12,17.0,84,0.0,0.0
2024,1,9,15,14.5,91,0.0,0.0
2024,1,9,18,13.3,94,0.0,0.0
2024,1,9,21,13.4,95,0.0,0.0
2024,1,10,0,13.5,94,0.0,0.0
2024,1,10,3,14.2,95,0.0,0.0
2024,1,10,6,15.6,93,0.0,0.0
2024,1,10,9,17.7,78,0.0,0.0
2024,1,10,12,16.0,89,0.0,0.0
2024,1,10,15,13.8,91,0.0,0.0
2024,1,10,18,12.6,93,0.0,0.0
2024,1,10,21,13.8,94,0.0,0.0
2024,1,11,0,14.0,94,0.0,0.0
2024,1,11,3,13.6,94,0.0,4.0
2024,1,11,6,15.6,88,0.0,5.0
2024,1,11,9,15.6,76,0.0,5.0
2024,1,11,12,16.0,83,0.0,5.0
2024,1,11,15,14.8,89,0.0,0.0
2024,1,11,18,13.8,88,0.0,0.0
2024,1,11,21,13.6,91,0.0,0.0
2024,1,12,0,13.4,93,0.0,0.0
2024,1,12,3,13.0,94,0.0,0.0
2024,1,12,6,14.4,88,0.0,4.0
2024,1,12,9,15.5,83,0.0,4.0
2024,1,12,12,14.2,88,0.0,0.0
2024,1,12,15,11.8,90,0.0,0.0
2024,1,12,18,11.0,93,0.0,0.0
2024,1,12,21,11.2,92,0.0,0.0
2024,1,13,0,11.5,94,0.0,0.0
2024,1,13,3,12.2,92,0.0,0.0
2024,1,13,6,13.4,93,0.0,0.0
2024,1,13,9,14.0,88,0.0,0.0
2024,1,13,12,13.5,89,0.0,0.0
2024,1,13,15,11.5,94,0.0,3.0
2024,1,13,18,10.2,93,0.0,0.0
2024,1,13,21,10.8,95,0.0,0.0
2024,1,14,0,11.8,94,0.0,0.0
2024,1,14,3,12.0,87,0.0,0.0
2024,1,14,6,14.2,88,0.0,0.0
2024,1,14,9,15.4,89,0.0,5.0
2024,1,14,12,14.0,88,0.0,5.0
2024,1,14,15,12.8,90,0.0,7.0
2024,1,14,18,11.0,92,0.0,6.0
2024,1,14,21,12.0,90,0.0,0.0
2024,1,15,0,13.0,94,0.0,0.0
2024,1,15,3,13.2,95,0.0,0.0
2024,1,15,6,15.0,89,0.0,2.0
2024,1,15,9,16.0,89,0.0,6.0
2024,1,15,12,14.1,89,0.0,6.0
2024,1,15,15,13.6,91,0.0,6.0
2024,1,15,18,12.5,91,0.0,5.0
2024,1,15,21,12.6,94,0.0,0.0
2024,1,16,0,12.8,95,0.0,0.0
2024,1,16,3,12.8,93,0.0,0.0
2024,1,16,6,14.2,91,0.0,4.0
2024,1,16,9,14.8,85,0.0,5.0
2024,1,16,12,14.0,88,0.0,5.0
2024,1,16,15,13.5,88,0.0,3.0
2024,1,16,18,12.6,93,0.0,4.0
2024,1,16,21,12.4,95,0.0,0.0
2024,1,17,0,12.6,93,0.0,0.0
2024,1,17,3,13.0,93,0.0,5.0
2024,1,17,6,14.0,88,0.0,5.0
2024,1,17,9,15.0,80,0.0,4.0
2024,1,17,12,14.0,86,0.0,0.0
2024,1,17,15,11.3,87,0.0,5.0
2024,1,17,18,10.0,93,0.0,5.0
2024,1,17,21,10.6,92,0.0,0.0
2024,1,18,0,11.5,94,0.0,0.0
2024,1,18,3,12.6,93,0.0,0.0
2024,1,18,6,17.4,74,0.0,0.0
2024,1,18,9,21.5,58,0.0,5.0
2024,1,18,12,17.5,82,0.0,0.0
2024,1,18,15,16.0,89,0.0,0.0
2024,1,18,18,14.8,91,0.0,0.0
2024,1,18,21,14.2,93,0.0,0.0
2024,1,19,0,13.5,94,0.0,0.0
2024,1,19,3,13.8,95,0.0,0.0
2024,1,19,6,16.0,83,0.0,4.0
2024,1,19,9,21.0,64,0.0,8.0
2024,1,19,12,17.0,81,0.0,5.0
2024,1,19,15,13.8,91,0.0,5.0
2024,1,19,18,13.2,91,0.0,5.0
2024,1,19,21,12.0,94,0.0,0.0
2024,1,20,0,12.4,95,0.0,0.0
2024,1,20,3,12.5,94,0.0,0.0
2024,1,20,6,15.0,89,0.0,0.0
2024,1,20,9,20.2,69,0.0,4.0
2024,1,20,12,18.2,78,0.0,3.0
2024,1,20,15,15.0,91,0.0,4.0
2024,1,20,18,13.0,91,0.0,3.0
2024,1,20,21,13.0,90,0.0,4.0
2024,1,21,0,12.8,93,0.0,5.0
2024,1,21,3,12.8,93,0.0,5.0
2024,1,21,6,14.0,86,0.0,6.0
2024,1,21,9,17.5,69,0.0,6.0
2024,1,21,12,14.5,83,0.0,5.0
2024,1,21,15,12.8,90,0.0,5.0
2024,1,21,18,11.5,92,0.0,5.0
2024,1,21,21,11.5,94,0.0,2.0
2024,1,22,0,11.4,95,0.0,2.0
2024,1,22,3,12.8,83,0.0,6.0
2024,1,22,6,16.5,73,0.0,6.0
2024,1,22,9,21.0,55,0.0,5.0
2024,1,22,12,17.0,78,0.0,0.0
2024,1,22,15,13.8,91,0.0,2.0
2024,1,22,18,13.0,94,0.0,2.0
2024,1,22,21,11.2,92,0.0,0.0
2024,1,23,0,10.0,92,0.0,0.0
2024,1,23,3,12.5,88,0.0,0.0
2024,1,23,6,21.0,58,0.0,0.0
2024,1,23,9,24.0,46,0.0,0.0
2024,1,23,12,18.5,74,0.0,0.0
2024,1,23,15,15.4,89,0.0,0.0
2024,1,23,18,14.2,91,0.0,0.0
2024,1,23,21,12.0,92,0.0,0.0
2024,1,24,0,10.4,95,0.0,0.0
2024,1,24,3,12.0,94,0.0,0.0
2024,1,24,6,15.0,89,0.0,0.0
2024,1,24,9,21.6,62,0.0,2.0
2024,1,24,12,18.0,78,0.0,0.0
2024,1,24,15,15.0,90,0.0,0.0
2024,1,24,18,13.2,93,0.0,0.0
2024,1,24,21,10.6,93,0.0,0.0
2024,1,25,0,10.0,93,0.0,0.0
2024,1,25,3,10.6,93,0.0,0.0
2024,1,25,6,13.6,76,0.0,4.0
2024,1,25,9,19.7,55,0.0,6.0
2024,1,25,12,15.8,80,0.0,3.0
2024,1,25,15,12.3,87,0.0,4.0
2024,1,25,18,10.2,90,0.0,5.0
2024,1,25,21,10.3,90,0.0,0.0
2024,1,26,0,10.5,91,0.0,0.0
2024,1,26,3,10.8,95,0.0,0.0
2024,1,26,6,15.0,84,0.0,4.0
2024,1,26,9,21.0,53,0.0,5.0
2024,1,26,12,17.0,68,0.0,5.0
2024,1,26,15,13.6,88,0.0,5.0
2024,1,26,18,10.8,90,0.0,2.0
2024,1,26,21,10.8,92,0.0,0.0
2024,1,27,0,10.8,92,0.0,0.0
2024,1,27,3,12.0,94,0.0,0.0
2024,1,27,6,16.0,77,0.0,5.0
2024,1,27,9,22.0,50,0.0,5.0
2024,1,27,12,17.8,71,0.0,0.0
2024,1,27,15,14.0,85,0.0,4.0
2024,1,27,18,11.5,87,0.0,4.0
2024,1,27,21,8.2,89,0.0,0.0
2024,1,28,0,7.0,94,0.0,0.0
2024,1,28,3,8.6,92,0.0,0.0
2024,1,28,6,17.0,73,0.0,0.0
2024,1,28,9,23.8,29,0.0,0.0
2024,1,28,12,18.0,64,0.0,0.0
2024,1,28,15,13.8,84,0.0,0.0
2024,1,28,18,12.5,88,0.0,0.0
2024,1,28,21,11.4,87,0.0,0.0
2024,1,29,0,9.8,89,0.0,0.0
2024,1,29,3,14.0,82,0.0,0.0
2024,1,29,6,23.0,44,0.0,0.0
2024,1,29,9,24.8,40,0.0,1.0
2024,1,29,12,20.4,65,0.0,2.0
2024,1,29,15,15.4,89,0.0,0.0
2024,1,29,18,13.8,91,0.0,0.0
2024,1,29,21,11.8,91,0.0,0.0
2024,1,30,0,10.6,92,0.0,0.0
2024,1,30,3,13.8,91,0.0,0.0
2024,1,30,6,22.4,47,0.0,2.0
2024,1,30,9,25.0,40,0.0,3.0
2024,1,30,12,20.0,66,0.0,0.0
2024,1,30,15,15.4,86,0.0,0.0
2024,1,30,18,13.7,88,0.0,0.0
2024,1,30,21,13.5,92,0.0,0.0
2024,1,31,0,13.8,91,0.0,0.0
2024,1,31,3,16.0,87,0.0,0.0
2024,1,31,6,22.4,56,0.0,5.0
2024,1,31,9,24.5,54,0.0,5.0
2024,1,31,12,20.0,72,0.0,3.0
2024,1,31,15,17.0,89,0.0,0.0
2024,1,31,18,15.2,91,0.0,0.0
2024,1,31,21,14.7,92,0.0,0.0
2024,2,1,0,14.0,94,0.0,0.0
2024,2,1,3,16.5,84,0.0,6.0
2024,2,1,6,23.0,55,0.0,6.0
2024,2,1,9,25.5,49,0.0,5.0
2024,2,1,12,22.0,65,0.0,0.0
2024,2,1,15,17.0,84,0.0,5.0
2024,2,1,18,15.4,89,0.0,3.0
2024,2,1,21,14.4,91,0.0,0.0
2024,2,2,0,13.5,94,0.0,0.0
2024,2,2,3,17.0,89,0.0,0.0
2024,2,2,6,24.0,60,0.0,4.0
2024,2,2,9,26.0,44,0.0,10.0
2024,2,2,12,23.0,59,0.0,5.0
2024,2,2,15,19.0,79,0.0,5.0
2024,2,2,18,17.5,84,0.0,5.0
2024,2,2,21,15.4,80,0.0,5.0
2024,2,3,0,14.6,76,0.0,5.0
2024,2,3,3,18.0,69,0.0,8.0
2024,2,3,6,24.0,42,0.0,8.0
2024,2,3,9,25.0,36,0.0,6.0
2024,2,3,12,19.0,59,0.0,0.0
2024,2,3,15,16.0,80,0.0,0.0
2024,2,3,18,14.4,91,0.0,0.0
2024,2,3,21,12.5,91,0.0,0.0
2024,2,4,0,16.4,82,0.0,5.0
2024,2,4,3,22.4,53,0.0,4.0
2024,2,4,6,25.0,36,0.0,6.0
2024,2,4,9,25.0,36,0.0,6.0
2024,2,4,12,21.5,54,0.0,0.0
2024,2,4,15,16.4,80,0.0,0.0
2024,2,4,18,14.5,86,0.0,0.0
2024,2,4,21,13.8,88,0.0,0.0
2024,2,5,0,14.4,92,0.0,0.0
2024,2,5,3,17.0,84,0.0,0.0
2024,2,5,6,24.0,47,0.0,0.0
2024,2,5,9,25.8,46,0.0,4.0
2024,2,5,12,21.4,68,0.0,2.0
2024,2,5,15,16.6,83,0.0,0.0
2024,2,5,18,15.0,89,0.0,2.0
2024,2,5,21,14.8,91,0.0,0.0
2024,2,6,0,16.5,91,0.0,0.0
2024,2,6,3,18.0,87,0.0,0.0
2024,2,6,6,23.0,66,0.0,5.0
2024,2,6,9,26.5,49,0.0,6.0
2024,2,6,12,21.0,67,0.0,5.0
2024,2,6,15,18.4,76,0.0,4.0
2024,2,6,18,17.0,89,0.0,4.0
2024,2,6,21,16.0,91,0.0,2.0
2024,2,7,0,14.6,93,0.0,0.0
2024,2,7,3,16.2,87,0.0,5.0
2024,2,7,6,21.5,62,0.0,5.0
2024,2,7,9,24.8,41,0.0,5.0
2024,2,7,12,20.0,56,0.0,6.0
2024,2,7,15,17.4,74,0.0,4.0
2024,2,7,18,16.0,89,0.0,2.0
2024,2,7,21,13.0,88,0.0,0.0
2024,2,8,0,11.5,94,0.0,0.0
2024,2,8,3,14.2,84,0.0,4.0
2024,2,8,6,21.0,51,0.0,5.0
2024,2,8,9,22.5,44,0.0,10.0
2024,2,8,12,20.0,60,0.0,0.0
2024,2,8,15,17.0,81,0.0,0.0
2024,2,8,18,16.2,85,0.0,0.0
2024,2,8,21,12.2,87,0.0,0.0
2024,2,9,0,11.0,90,0.0,0.0
2024,2,9,3,15.8,74,0.0,0.0
2024,2,9,6,23.0,46,0.0,0.0
2024,2,9,9,24.8,39,0.0,0.0
2024,2,9,12,20.6,61,0.0,0.0
2024,2,9,15,16.3,83,0.0,0.0
2024,2,9,18,15.2,86,0.0,0.0
2024,2,9,21,14.0,88,0.0,0.0
2024,2,10,0,12.8,93,0.0,0.0
2024,2,10,3,17.4,78,0.0,5.0
2024,2,10,6,25.0,46,0.0,6.0
2024,2,10,9,27.5,38,0.0,5.0
2024,2,10,12,23.5,54,0.0,0.0
2024,2,10,15,17.2,76,0.0,0.0
2024,2,10,18,15.4,86,0.0,3.0
2024,2,10,21,13.6,88,0.0,0.0
2024,2,11,0,12.8,93,0.0,0.0
2024,2,11,3,18.0,74,0.0,0.0
2024,2,11,6,21.6,62,0.0,0.0
2024,2,11,9,28.8,33,0.0,4.0
2024,2,11,12,23.8,51,0.0,0.0
2024,2,11,15,18.2,78,0.0,0.0
2024,2,11,18,15.2,89,0.0,0.0
2024,2,11,21,14.0,88,0.0,0.0
2024,2,12,0,12.6,93,0.0,0.0
2024,2,12,3,20.0,66,0.0,0.0
2024,2,12,6,26.2,45,0.0,0.0
2024,2,12,9,28.6,32,0.0,0.0
2024,2,12,12,24.0,49,0.0,2.0
2024,2,12,15,17.6,83,0.0,0.0
2024,2,12,18,15.0,89,0.0,2.0
2024,2,12,21,13.8,93,0.0,0.0
2024,2,13,0,12.2,92,0.0,0.0
2024,2,13,3,18.8,65,0.0,0.0
2024,2,13,6,25.0,50,0.0,5.0
2024,2,13,9,28.0,24,0.0,5.0
2024,2,13,12,24.0,49,0.0,3.0
2024,2,13,15,19.0,77,0.0,4.0
2024,2,13,18,16.2,89,0.0,3.0
2024,2,13,21,15.8,91,0.0,0.0
2024,2,14,0,15.6,96,0.0,0.0
2024,2,14,3,19.2,84,0.0,3.0
2024,2,14,6,27.0,38,0.0,4.0
2024,2,14,9,26.8,47,0.0,0.0
2024,2,14,12,23.4,69,0.0,0.0
2024,2,14,15,19.5,87,0.0,0.0
2024,2,14,18,17.0,91,0.0,0.0
2024,2,14,21,16.8,91,0.0,0.0
2024,2,15,0,16.2,93,0.0,0.0
2024,2,15,3,19.4,84,0.0,0.0
2024,2,15,6,24.6,61,0.0,0.0
2024,2,15,9,29.4,41,0.0,2.0
2024,2,15,12,20.4,86,0.0,5.0
2024,2,15,15,19.2,88,0.0,0.0
2024,2,15,18,18.2,92,0.0,0.0
2024,2,15,21,17.2,93,0.0,0.0
2024,2,16,0,17.2,93,0.0,4.0
2024,2,16,3,18.4,92,0.0,5.0
2024,2,16,6,25.6,57,0.0,3.0
2024,2,16,9,28.0,46,0.0,4.0
2024,2,16,12,24.2,63,0.0,2.0
2024,2,16,15,20.0,85,0.0,0.0
2024,2,16,18,18.5,90,0.0,0.0
2024,2,16,21,16.6,93,0.0,0.0
2024,2,17,0,16.0,94,0.0,4.0
2024,2,17,3,20.0,82,0.0,6.0
2024,2,17,6,26.6,55,0.0,8.0
2024,2,17,9,28.8,44,0.0,10.0
2024,2,17,12,24.0,64,0.0,0.0
2024,2,17,15,20.4,76,0.0,0.0
2024,2,17,18,18.4,89,0.0,0.0
2024,2,17,21,16.0,83,0.0,0.0
2024,2,18,0,14.0,94,0.0,0.0
2024,2,18,3,17.6,87,0.0,2.0
2024,2,18,6,26.4,41,0.0,5.0
2024,2,18,9,29.0,29,0.0,5.0
2024,2,18,12,22.5,52,0.0,0.0
2024,2,18,15,18.0,73,0.0,0.0
2024,2,18,18,15.8,80,0.0,0.0
2024,2,18,21,14.2,86,0.0,0.0
2024,2,19,0,13.6,93,0.0,0.0
2024,2,19,3,19.4,73,0.0,5.0
2024,2,19,6,26.5,38,0.0,0.0
2024,2,19,9,28.8,33,0.0,5.0
2024,2,19,12,22.7,58,0.0,0.0
2024,2,19,15,19.5,75,0.0,0.0
2024,2,19,18,16.2,83,0.0,0.0
2024,2,19,21,15.0,83,0.0,0.0
2024,2,20,0,17.4,85,0.0,0.0
2024,2,20,3,19.8,74,0.0,0.0
2024,2,20,6,26.2,56,0.0,0.0
2024,2,20,9,28.0,53,0.0,5.0
2024,2,20,12,21.0,71,0.0,5.0
2024,2,20,15,19.0,85,0.0,0.0
2024,2,20,18,17.5,86,0.0,0.0
2024,2,20,21,18.0,92,0.0,0.0
2024,2,21,0,19.0,95,0.0,0.0
2024,2,21,3,20.5,90,0.0,0.0
2024,2,21,6,22.0,79,0.0,0.0
2024,2,21,9,26.0,56,0.0,5.0
2024,2,21,12,23.5,67,0.0,0.0
2024,2,21,15,19.2,81,0.0,0.0
2024,2,21,18,18.0,87,0.0,0.0
2024,2,21,21,19.0,79,0.0,0.0
2024,2,22,0,19.6,92,0.4,0.0
2024,2,22,3,19.6,94,0.5,0.0
2024,2,22,6,22.0,72,0.0,0.0
2024,2,22,9,25.0,58,0.3,5.0
2024,2,22,12,22.5,77,0.0,0.0
2024,2,22,15,20.2,88,0.0,0.0
2024,2,22,18,19.0,90,0.0,0.0
2024,2,22,21,18.4,92,0.0,0.0
2024,2,23,0,18.6,94,0.0,0.0
2024,2,23,3,22.0,80,0.0,0.0
2024,2,23,6,27.0,56,0.0,6.0
2024,2,23,9,28.2,46,0.0,8.0
2024,2,23,12,23.5,60,0.0,5.0
2024,2,23,15,19.4,86,0.0,5.0
2024,2,23,18,18.2,87,0.0,5.0
2024,2,23,21,16.0,89,0.0,0.0
2024,2,24,0,14.0,94,0.0,0.0
2024,2,24,3,19.0,71,0.0,0.0
2024,2,24,6,26.5,32,0.0,5.0
2024,2,24,9,28.6,32,0.0,5.0
2024,2,24,12,24.6,46,0.0,2.0
2024,2,24,15,20.2,69,0.0,0.0
2024,2,24,18,17.0,89,0.0,2.0
2024,2,24,21,15.4,91,0.0,0.0
2024,2,25,0,18.0,92,0.0,2.0
2024,2,25,3,19.0,65,0.0,4.0
2024,2,25,6,23.6,51,0.0,4.0
2024,2,25,9,25.5,38,0.0,8.0
2024,2,25,12,22.5,52,0.0,6.0
2024,2,25,15,20.5,67,0.0,6.0
2024,2,25,18,18.6,82,0.0,5.0
2024,2,25,21,15.8,89,0.0,0.0
2024,2,26,0,13.8,93,0.0,0.0
2024,2,26,3,17.8,81,0.0,5.0
2024,2,26,6,23.4,52,0.0,5.0
2024,2,26,9,26.5,40,0.0,0.0
2024,2,26,12,24.0,55,0.0,0.0
2024,2,26,15,19.0,79,0.0,0.0
2024,2,26,18,18.5,83,0.0,0.0
2024,2,26,21,16.2,90,0.0,0.0
2024,2,27,0,15.2,93,0.0,0.0
2024,2,27,3,19.0,79,0.0,0.0
2024,2,27,6,24.0,58,0.0,0.0
2024,2,27,9,28.5,35,0.0,0.0
2024,2,27,12,24.5,54,0.0,0.0
2024,2,27,15,20.0,78,0.0,0.0
2024,2,27,18,19.2,82,0.0,0.0
2024,2,27,21,16.6,85,0.0,0.0
2024,2,28,0,15.0,89,0.0,0.0
2024,2,28,3,21.0,64,0.0,4.0
2024,2,28,6,25.2,50,0.0,5.0
2024,2,28,9,29.4,35,0.0,7.0
2024,2,28,12,25.0,46,0.0,4.0
2024,2,28,15,21.4,68,0.0,4.0
2024,2,28,18,19.5,75,0.0,0.0
2024,2,28,21,17.4,87,0.0,0.0
2024,2,29,0,15.8,89,0.0,0.0
2024,2,29,3,20.4,71,0.0,2.0
2024,2,29,6,28.0,41,0.0,2.0
2024,2,29,9,30.2,29,0.0,6.0
2024,2,29,12,26.0,44,0.0,5.0
2024,2,29,15,20.0,70,0.0,5.0
2024,2,29,18,16.8,70,0.0,6.0
2024,2,29,21,15.5,89,0.0,0.0
2024,3,1,0,15.2,94,0.0,0.0
2024,3,1,3,22.0,62,0.0,4.0
2024,3,1,6,28.8,31,0.0,4.0
2024,3,1,9,29.7,33,0.0,4.0
2024,3,1,12,26.0,44,0.0,3.0
2024,3,1,15,20.5,71,0.0,0.0
2024,3,1,18,18.0,82,0.0,0.0
2024,3,1,21,17.2,89,0.0,0.0
2024,3,2,0,16.8,95,0.0,0.0
2024,3,2,3,22.8,69,0.0,0.0
2024,3,2,6,28.0,43,0.0,5.0
2024,3,2,9,30.4,37,0.0,4.0
2024,3,2,12,27.4,43,0.0,2.0
2024,3,2,15,23.0,62,0.0,4.0
2024,3,2,18,19.5,87,0.0,2.0
2024,3,2,21,18.0,89,0.0,0.0
2024,3,3,0,17.6,94,0.0,0.0
2024,3,3,3,21.8,75,0.0,0.0
2024,3,3,6,26.0,51,0.0,6.0
2024,3,3,9,28.2,48,0.0,6.0
2024,3,3,12,25.4,62,0.0,6.0
2024,3,3,15,22.0,80,0.0,6.0
2024,3,3,18,20.8,87,0.0,5.0
2024,3,3,21,19.6,90,0.0,0.0
2024,3,4,0,19.0,94,0.2,0.0
2024,3,4,3,21.0,85,0.0,0.0
2024,3,4,6,26.5,56,0.0,0.0
2024,3,4,9,29.8,47,0.0,5.0
2024,3,4,12,27.0,62,0.0,0.0
2024,3,4,15,22.8,85,0.0,0.0
2024,3,4,18,22.0,80,0.0,0.0
2024,3,4,21,20.0,85,0.0,0.0
2024,3,5,0,17.5,92,0.0,0.0
2024,3,5,3,23.0,71,0.0,5.0
2024,3,5,6,26.8,52,0.0,8.0
2024,3,5,9,30.4,39,0.0,10.0
2024,3,5,12,26.4,48,0.0,5.0
2024,3,5,15,21.5,67,0.0,2.0
2024,3,5,18,19.2,75,0.0,4.0
2024,3,5,21,16.8,78,0.0,4.0
2024,3,6,0,15.2,81,0.0,5.0
2024,3,6,3,19.0,65,0.0,4.0
2024,3,6,6,27.2,37,0.0,6.0
2024,3,6,9,29.0,32,0.0,7.0
2024,3,6,12,25.0,50,0.0,5.0
2024,3,6,15,20.0,70,0.0,5.0
2024,3,6,18,16.5,84,0.0,5.0
2024,3,6,21,15.0,89,0.0,0.0
2024,3,7,0,14.0,88,0.0,0.0
2024,3,7,3,21.0,49,0.0,5.0
2024,3,7,6,28.0,36,0.0,5.0
2024,3,7,9,29.7,33,0.0,6.0
2024,3,7,12,25.0,50,0.0,4.0
2024,3,7,15,20.4,69,0.0,0.0
2024,3,7,18,17.0,81,0.0,0.0
2024,3,7,21,15.8,80,0.0,0.0
2024,3,8,0,16.0,73,0.0,4.0
2024,3,8,3,22.4,54,0.0,5.0
2024,3,8,6,28.8,39,0.0,5.0
2024,3,8,9,30.3,24,0.0,8.0
2024,3,8,12,25.8,42,0.0,5.0
2024,3,8,15,20.5,67,0.0,3.0
2024,3,8,18,17.3,75,0.0,5.0
2024,3,8,21,16.0,83,0.0,0.0
2024,3,9,0,15.0,84,0.0,0.0
2024,3,9,3,23.0,52,0.0,5.0
2024,3,9,6,29.8,29,0.0,5.0
2024,3,9,9,26.0,44,0.0,5.0
2024,3,9,12,23.0,59,0.0,4.0
2024,3,9,15,21.0,67,0.0,0.0
2024,3,9,18,21.0,67,0.0,0.0
2024,3,9,21,17.2,78,0.0,0.0
2024,3,10,0,14.5,89,0.0,0.0
2024,3,10,3,22.0,56,0.0,0.0
2024,3,10,6,28.0,40,0.0,4.0
2024,3,10,9,29.8,29,0.0,4.0
2024,3,10,12,26.2,49,0.0,0.0
2024,3,10,15,21.0,80,0.0,0.0
2024,3,10,18,19.6,84,0.0,0.0
2024,3,10,21,18.0,87,0.0,0.0
2024,3,11,0,16.4,89,0.0,0.0
2024,3,11,3,24.0,58,0.0,0.0
2024,3,11,6,29.6,33,0.0,4.0
2024,3,11,9,32.8,32,0.0,4.0
2024,3,11,12,27.6,56,0.0,2.0
2024,3,11,15,24.0,71,0.0,2.0
2024,3,11,18,20.0,85,0.0,0.0
2024,3,11,21,18.4,87,0.0,0.0
2024,3,12,0,17.0,89,0.0,0.0
2024,3,12,3,24.4,52,0.0,4.0
2024,3,12,6,29.5,36,0.0,7.0
2024,3,12,9,32.0,28,0.0,5.0
2024,3,12,12,28.0,43,0.0,0.0
2024,3,12,15,24.0,64,0.0,0.0
2024,3,12,18,21.2,78,0.0,0.0
2024,3,12,21,18.6,84,0.0,0.0
2024,3,13,0,17.0,89,0.0,0.0
2024,3,13,3,24.0,60,0.0,4.0
2024,3,13,6,30.4,36,0.0,6.0
2024,3,13,9,32.0,33,0.0,7.0
2024,3,13,12,28.8,43,0.0,5.0
2024,3,13,15,23.0,68,0.0,0.0
2024,3,13,18,20.5,80,0.0,0.0
2024,3,13,21,19.0,79,0.0,0.0
2024,3,14,0,18.5,85,0.0,0.0
2024,3,14,3,22.0,72,0.0,5.0
2024,3,14,6,31.0,35,0.0,5.0
2024,3,14,9,34.5,25,0.0,7.0
2024,3,14,12,29.0,41,0.0,4.0
2024,3,14,15,24.2,63,0.0,5.0
2024,3,14,18,20.0,70,0.0,0.0
2024,3,14,21,19.4,79,0.0,0.0
2024,3,15,0,19.0,79,0.0,5.0
2024,3,15,3,25.4,52,0.0,5.0
2024,3,15,6,32.0,37,0.0,5.0
2024,3,15,9,33.6,33,0.0,8.0
2024,3,15,12,30.0,45,0.0,5.0
2024,3,15,15,23.5,74,0.0,0.0
2024,3,15,18,21.0,86,0.0,0.0
2024,3,15,21,19.8,87,0.0,0.0
2024,3,16,0,18.6,88,0.0,5.0
2024,3,16,3,26.8,50,0.0,0.0
2024,3,16,6,30.0,40,0.0,5.0
2024,3,16,9,34.0,27,0.0,8.0
2024,3,16,12,30.0,46,0.0,5.0
2024,3,16,15,24.0,61,0.0,0.0
2024,3,16,18,22.5,68,0.0,0.0
2024,3,16,21,21.5,80,0.0,0.0
2024,3,17,0,20.0,85,0.0,0.0
2024,3,17,3,26.8,55,0.0,4.0
2024,3,17,6,30.6,43,0.0,5.0
2024,3,17,9,35.0,30,0.0,5.0
2024,3,17,12,30.4,49,0.0,0.0
2024,3,17,15,24.6,77,0.0,0.0
2024,3,17,18,23.0,81,0.0,2.0
2024,3,17,21,22.0,83,0.0,0.0
2024,3,18,0,19.2,92,0.0,0.0
2024,3,18,3,25.8,62,0.0,0.0
2024,3,18,6,32.4,39,0.0,0.0
2024,3,18,9,34.4,33,0.0,5.0
2024,3,18,12,30.2,46,0.0,5.0
2024,3,18,15,25.0,74,0.0,0.0
2024,3,18,18,23.2,81,0.0,0.0
2024,3,18,21,21.8,80,0.0,0.0
2024,3,19,0,21.5,83,0.0,0.0
2024,3,19,3,25.6,58,0.0,5.0
2024,3,19,6,30.4,45,0.0,5.0
2024,3,19,9,32.0,42,0.0,5.0
2024,3,19,12,28.4,50,0.0,3.0
2024,3,19,15,26.4,71,0.0,4.0
2024,3,19,18,25.0,82,0.0,0.0
2024,3,19,21,22.4,91,0.8,0.0
2024,3,20,0,19.6,94,5.0,0.0
2024,3,20,3,19.6,96,8.0,5.0
2024,3,20,6,20.6,92,7.0,6.0
2024,3,20,9,20.3,92,5.8,5.0
2024,3,20,12,19.3,90,1.8,9.0
2024,3,20,15,18.5,85,0.0,1.0
2024,3,20,18,18.3,80,0.0,7.0
2024,3,20,21,18.5,90,0.0,5.0
2024,3,21,0,18.6,90,0.0,0.0
2024,3,21,3,22.0,78,0.0,5.0
2024,3,21,6,27.4,57,0.0,5.0
2024,3,21,9,26.2,77,0.0,5.0
2024,3,21,12,22.0,72,0.0,5.0
2024,3,21,15,20.0,78,0.0,5.0
2024,3,21,18,18.8,82,0.0,5.0
2024,3,21,21,18.4,92,0.0,0.0
2024,3,22,0,18.0,95,0.0,0.0
2024,3,22,3,20.0,84,0.0,0.0
2024,3,22,6,25.0,59,0.0,4.0
2024,3,22,9,27.2,64,0.0,6.0
2024,3,22,12,26.0,54,0.0,5.0
2024,3,22,15,21.6,85,0.0,0.0
2024,3,22,18,20.6,88,0.0,0.0
2024,3,22,21,19.8,90,0.0,0.0
2024,3,23,0,18.8,94,0.0,0.0
2024,3,23,3,24.0,73,0.0,5.0
2024,3,23,6,26.8,59,0.0,0.0
2024,3,23,9,28.2,52,0.0,8.0
2024,3,23,12,22.0,91,13.0,8.0
2024,3,23,15,19.8,88,0.0,6.0
2024,3,23,18,19.0,92,0.0,5.0
2024,3,23,21,18.8,91,0.0,5.0
2024,3,24,0,19.6,92,0.0,5.0
2024,3,24,3,21.4,80,0.0,6.0
2024,3,24,6,22.5,78,0.0,6.0
2024,3,24,9,24.6,72,0.0,5.0
2024,3,24,12,24.0,80,0.0,0.0
2024,3,24,15,21.4,87,0.0,2.0
2024,3,24,18,20.0,92,0.0,2.0
2024,3,24,21,19.4,92,0.0,2.0
2024,3,25,0,20.2,93,0.0,2.0
2024,3,25,3,24.0,74,0.0,5.0
2024,3,25,6,30.0,55,0.0,6.0
2024,3,25,9,30.0,55,0.0,5.0
2024,3,25,12,27.8,62,0.0,4.0
2024,3,25,15,26.0,74,0.0,0.0
2024,3,25,18,21.3,87,0.0,0.0
2024,3,25,21,21.0,80,0.0,0.0
2024,3,26,0,21.5,86,0.0,5.0
2024,3,26,3,22.5,75,0.2,5.0
2024,3,26,6,24.0,64,0.0,5.0
2024,3,26,9,28.4,58,0.0,9.0
2024,3,26,12,26.2,69,0.0,5.0
2024,3,26,15,23.0,77,0.0,6.0
2024,3,26,18,20.8,87,0.0,6.0
2024,3,26,21,20.4,90,0.0,0.0
2024,3,27,0,20.0,90,0.0,0.0
2024,3,27,3,23.2,72,0.0,6.0
2024,3,27,6,27.7,56,0.0,1.0
2024,3,27,9,29.3,48,0.0,8.0
2024,3,27,12,26.8,61,0.0,6.0
2024,3,27,15,21.0,86,0.0,5.0
2024,3,27,18,21.0,86,0.0,5.0
2024,3,27,21,20.4,79,0.0,5.0
2024,3,28,0,21.0,75,0.0,5.0
2024,3,28,3,24.0,69,0.0,5.0
2024,3,28,6,25.6,56,0.0,5.0
2024,3,28,9,30.0,55,0.0,5.0
2024,3,28,12,28.2,62,0.0,5.0
2024,3,28,15,25.0,78,0.0,0.0
2024,3,28,18,23.5,81,0.0,0.0
2024,3,28,21,23.2,84,0.0,0.0
2024,3,29,0,22.8,85,0.0,0.0
2024,3,29,3,27.4,58,0.0,0.0
2024,3,29,6,30.6,46,0.0,0.0
2024,3,29,9,32.6,47,0.0,0.0
2024,3,29,12,30.0,55,0.0,0.0
2024,3,29,15,27.4,68,0.0,0.0
2024,3,29,18,26.0,74,0.0,0.0
2024,3,29,21,24.4,86,0.0,0.0
2024,3,30,0,23.6,91,0.0,0.0
2024,3,30,3,27.0,78,0.0,4.0
2024,3,30,6,30.6,55,0.0,6.0
2024,3,30,9,30.7,63,0.0,5.0
2024,3,30,12,29.2,67,0.0,0.0
2024,3,30,15,26.4,79,0.0,0.0
2024,3,30,18,25.0,89,0.0,0.0
2024,3,30,21,25.0,91,0.0,0.0
2024,3,31,0,25.0,91,0.0,4.0
2024,3,31,3,26.4,91,0.0,2.0
2024,3,31,6,31.5,66,0.0,5.0
2024,3,31,9,34.5,45,0.0,7.0
2024,3,31,12,31.2,57,0.0,10.0
2024,3,31,15,27.0,79,0.0,8.0
2024,3,31,18,25.1,87,0.0,7.0
2024,3,31,21,23.2,77,0.0,0.0
2024,4,1,0,22.0,80,0.0,0.0
2024,4,1,3,28.6,56,0.0,6.0
2024,4,1,6,33.0,40,0.0,10.0
2024,4,1,9,35.2,35,0.0,8.0
2024,4,1,12,31.4,44,0.0,7.0
2024,4,1,15,28.4,58,0.0,6.0
2024,4,1,18,26.0,66,0.0,5.0
2024,4,1,21,23.0,72,0.0,5.0
2024,4,2,0,21.5,62,0.0,5.0
2024,4,2,3,27.6,43,0.0,8.0
2024,4,2,6,33.0,29,0.0,5.0
2024,4,2,9,35.2,26,0.0,8.0
2024,4,2,12,31.0,45,0.0,0.0
2024,4,2,15,29.0,54,0.0,6.0
2024,4,2,18,26.4,61,0.0,5.0
2024,4,2,21,20.5,86,0.0,0.0
2024,4,3,0,19.2,88,0.0,0.0
2024,4,3,3,27.5,43,0.0,0.0
2024,4,3,6,33.0,33,0.0,5.0
2024,4,3,9,34.2,26,0.0,5.0
2024,4,3,12,30.2,41,0.0,0.0
2024,4,3,15,24.5,67,0.0,5.0
2024,4,3,18,23.0,77,0.0,0.0
2024,4,3,21,22.5,81,0.0,0.0
2024,4,4,0,21.5,88,0.0,0.0
2024,4,4,3,27.0,67,0.0,0.0
2024,4,4,6,31.8,53,0.0,0.0
2024,4,4,9,34.8,38,0.0,5.0
2024,4,4,12,32.4,51,0.0,0.0
2024,4,4,15,28.4,66,0.0,2.0
2024,4,4,18,26.0,78,0.0,0.0
2024,4,4,21,24.4,73,0.0,0.0
2024,4,5,0,23.0,77,0.0,5.0
2024,4,5,3,25.8,69,0.0,6.0
2024,4,5,6,30.0,49,0.0,6.0
2024,4,5,9,33.4,43,0.0,0.0
2024,4,5,12,32.0,57,0.0,0.0
2024,4,5,15,29.2,74,0.0,0.0
2024,4,5,18,26.0,82,0.0,0.0
2024,4,5,21,26.2,90,0.0,0.0
2024,4,6,0,26.5,92,0.0,0.0
2024,4,6,3,29.4,65,0.0,0.0
2024,4,6,6,32.0,51,0.0,6.0
2024,4,6,9,35.8,39,0.0,6.0
2024,4,6,12,32.4,43,0.0,5.0
2024,4,6,15,28.4,54,0.0,6.0
2024,4,6,18,25.4,67,0.0,4.0
2024,4,6,21,24.6,72,0.0,2.0
2024,4,7,0,24.4,80,0.0,2.0
2024,4,7,3,29.2,51,0.0,5.0
2024,4,7,6,34.0,35,0.0,7.0
2024,4,7,9,34.0,35,0.0,2.0
2024,4,7,12,31.6,38,0.0,6.0
2024,4,7,15,28.0,64,0.0,4.0
2024,4,7,18,26.8,76,0.0,5.0
2024,4,7,21,25.4,83,0.0,0.0
2024,4,8,0,25.0,87,0.0,0.0
2024,4,8,3,27.2,70,0.0,5.0
2024,4,8,6,30.2,58,0.0,5.0
2024,4,8,9,31.8,49,0.0,6.0
2024,4,8,12,29.6,65,0.0,6.0
2024,4,8,15,27.4,64,0.0,4.0
2024,4,8,18,26.5,71,0.0,4.0
2024,4,8,21,25.0,82,0.0,5.0
2024,4,9,0,22.8,89,0.0,5.0
2024,4,9,3,26.8,67,0.0,2.0
2024,4,9,6,32.4,49,0.0,5.0
2024,4,9,9,34.8,41,0.0,4.0
2024,4,9,12,32.2,51,0.0,5.0
2024,4,9,15,29.0,64,0.0,5.0
2024,4,9,18,27.0,73,0.0,5.0
2024,4,9,21,25.5,78,0.0,5.0
2024,4,10,0,24.0,87,0.0,5.0
2024,4,10,3,27.0,73,0.0,4.0
2024,4,10,6,32.4,48,0.0,2.0
2024,4,10,9,34.4,41,0.0,6.0
2024,4,10,12,31.0,56,0.0,5.0
2024,4,10,15,27.8,67,0.0,0.0
2024,4,10,18,27.4,69,0.0,0.0
2024,4,10,21,25.0,82,0.0,5.0
2024,4,11,0,22.8,85,0.0,5.0
2024,4,11,3,26.4,56,0.0,6.0
2024,4,11,6,31.4,35,0.0,5.0
2024,4,11,9,32.0,47,0.0,5.0
2024,4,11,12,29.2,65,0.0,5.0
2024,4,11,15,27.8,69,0.0,4.0
2024,4,11,18,27.0,70,0.0,4.0
2024,4,11,21,24.0,73,0.0,0.0
2024,4,12,0,21.0,75,0.0,0.0
2024,4,12,3,26.3,55,0.0,0.0
2024,4,12,6,32.5,50,0.0,5.0
2024,4,12,9,34.8,38,0.0,5.0
2024,4,12,12,31.6,47,0.0,0.0
2024,4,12,15,27.2,70,0.0,0.0
2024,4,12,18,25.4,83,0.0,0.0
2024,4,12,21,24.4,87,0.0,0.0
2024,4,13,0,24.4,87,0.0,2.0
2024,4,13,3,29.0,58,0.0,5.0
2024,4,13,6,33.5,46,0.0,6.0
2024,4,13,9,35.6,40,0.0,5.0
2024,4,13,12,32.8,53,0.0,5.0
2024,4,13,15,29.2,60,0.0,2.0
2024,4,13,18,26.4,76,0.0,0.0
2024,4,13,21,25.2,84,0.0,0.0
2024,4,14,0,24.4,87,0.0,0.0
2024,4,14,3,30.2,57,0.0,0.0
2024,4,14,6,34.0,39,0.0,5.0
2024,4,14,9,36.4,36,0.0,2.0
2024,4,14,12,33.4,49,0.0,0.0
2024,4,14,15,30.0,65,0.0,0.0
2024,4,14,18,28.0,72,0.0,0.0
2024,4,14,21,26.4,74,0.0,0.0
2024,4,15,0,23.8,80,0.0,0.0
2024,4,15,3,30.0,51,0.0,2.0
2024,4,15,6,35.4,43,0.0,0.0
2024,4,15,9,37.0,43,0.0,4.0
2024,4,15,12,34.5,53,0.0,0.0
2024,4,15,15,31.4,60,0.0,0.0
2024,4,15,18,28.0,80,0.0,0.0
2024,4,15,21,26.6,87,0.0,0.0
2024,4,16,0,29.0,64,0.0,8.0
2024,4,16,3,33.0,52,0.0,8.0
2024,4,16,6,33.0,52,0.0,8.0
2024,4,16,9,34.5,50,0.0,7.0
2024,4,16,12,31.0,66,0.0,5.0
2024,4,16,15,29.4,69,0.0,5.0
2024,4,16,18,28.0,75,0.0,5.0
2024,4,16,21,27.2,81,0.0,0.0
2024,4,17,0,24.6,88,0.0,2.0
2024,4,17,3,29.0,68,0.0,5.0
2024,4,17,6,34.0,53,0.0,4.0
2024,4,17,9,37.5,37,0.0,6.0
2024,4,17,12,33.4,47,0.0,0.0
2024,4,17,15,29.3,62,0.0,0.0
2024,4,17,18,27.4,76,0.0,0.0
2024,4,17,21,24.8,82,0.0,0.0
2024,4,18,0,24.4,86,0.0,5.0
2024,4,18,3,26.6,78,0.0,5.0
2024,4,18,6,33.0,57,0.0,5.0
2024,4,18,9,34.0,52,0.0,6.0
2024,4,18,12,31.0,63,0.0,5.0
2024,4,18,15,29.0,68,0.0,6.0
2024,4,18,18,27.2,76,0.0,5.0
2024,4,18,21,26.5,74,0.0,5.0
2024,4,19,0,25.0,78,0.0,5.0
2024,4,19,3,27.2,75,0.0,6.0
2024,4,19,6,32.0,60,0.3,5.0
2024,4,19,9,34.0,53,0.0,5.0
2024,4,19,12,31.8,65,0.0,0.0
2024,4,19,15,29.0,79,0.0,0.0
2024,4,19,18,27.5,77,0.0,0.0
2024,4,19,21,25.2,80,0.0,0.0
2024,4,20,0,24.0,84,0.0,4.0
2024,4,20,3,27.5,72,0.0,6.0
2024,4,20,6,31.0,56,0.0,6.0
2024,4,20,9,32.5,61,0.0,0.0
2024,4,20,12,31.0,65,0.0,5.0
2024,4,20,15,28.0,75,0.0,5.0
2024,4,20,18,27.0,79,0.0,5.0
2024,4,20,21,24.0,81,0.0,0.0
2024,4,21,0,22.5,86,0.0,0.0
2024,4,21,3,28.5,53,0.0,0.0
2024,4,21,6,34.5,50,0.0,6.0
2024,4,21,9,37.7,39,0.0,6.0
2024,4,21,12,34.0,46,0.0,3.0
2024,4,21,15,28.0,75,0.0,0.0
2024,4,21,18,24.2,80,0.0,0.0
2024,4,21,21,24.0,81,0.0,5.0
2024,4,22,0,23.0,81,0.0,5.0
2024,4,22,3,31.0,42,0.0,5.0
2024,4,22,6,34.6,36,0.0,8.0
2024,4,22,9,36.2,40,0.0,5.0
2024,4,22,12,31.5,54,0.0,0.0
2024,4,22,15,28.0,64,0.0,0.0
2024,4,22,18,23.8,77,0.0,0.0
2024,4,22,21,23.8,81,0.0,0.0
2024,4,23,0,25.0,77,0.0,5.0
2024,4,23,3,30.5,50,0.0,5.0
2024,4,23,6,35.0,37,0.0,6.0
2024,4,23,9,37.2,35,0.0,5.0
2024,4,23,12,34.4,41,0.0,5.0
2024,4,23,15,31.4,48,0.0,6.0
2024,4,23,18,29.0,56,0.0,5.0
2024,4,23,21,26.8,65,0.0,5.0
2024,4,24,0,25.5,68,0.0,5.0
2024,4,24,3,32.5,43,0.0,5.0
2024,4,24,6,37.0,34,0.0,5.0
2024,4,24,9,40.0,31,0.0,5.0
2024,4,24,12,34.5,37,0.0,5.0
2024,4,24,15,30.5,53,0.0,5.0
2024,4,24,18,29.0,54,0.0,5.0
2024,4,24,21,25.0,69,0.0,0.0
2024,4,25,0,22.0,72,0.0,0.0
2024,4,25,3,32.0,36,0.0,5.0
2024,4,25,6,37.7,26,0.0,5.0
2024,4,25,9,40.6,23,0.0,5.0
2024,4,25,12,35.0,34,0.0,5.0
2024,4,25,15,28.0,46,0.0,0.0
2024,4,25,18,26.5,56,0.0,0.0
2024,4,25,21,24.0,64,0.0,0.0
2024,4,26,0,22.0,76,0.0,0.0
2024,4,26,3,30.0,42,0.0,5.0
2024,4,26,6,35.6,30,0.0,0.0
2024,4,26,9,39.2,24,0.0,5.0
2024,4,26,12,35.0,35,0.0,0.0
2024,4,26,15,28.0,60,0.0,0.0
2024,4,26,18,24.1,73,0.0,0.0
2024,4,26,21,25.0,82,0.0,5.0
2024,4,27,0,25.0,84,0.0,5.0
2024,4,27,3,27.0,75,0.0,5.0
2024,4,27,6,33.0,54,0.0,5.0
2024,4,27,9,34.6,53,0.0,5.0
2024,4,27,12,32.8,63,0.0,5.0
2024,4,27,15,28.4,72,0.0,5.0
2024,4,27,18,25.4,88,0.0,5.0
2024,4,27,21,25.0,82,0.0,0.0
2024,4,28,0,27.5,79,0.0,0.0
2024,4,28,3,31.0,69,0.0,0.0
2024,4,28,6,36.0,48,0.0,6.0
2024,4,28,9,39.5,33,0.0,5.0
2024,4,28,12,35.4,37,0.0,5.0
2024,4,28,15,29.5,59,0.0,5.0
2024,4,28,18,27.4,72,0.0,4.0
2024,4,28,21,26.2,81,0.0,2.0
2024,4,29,0,25.4,89,0.0,2.0
2024,4,29,3,28.4,69,0.0,5.0
2024,4,29,6,35.2,37,0.0,5.0
2024,4,29,9,38.2,32,0.0,2.0
2024,4,29,12,35.4,40,0.0,2.0
2024,4,29,15,30.2,64,0.0,2.0
2024,4,29,18,28.0,77,0.0,0.0
2024,4,29,21,26.6,82,0.0,0.0
2024,4,30,0,24.8,89,0.0,0.0
2024,4,30,3,30.5,59,0.0,5.0
2024,4,30,6,35.4,35,0.0,5.0
2024,4,30,9,39.2,34,0.0,5.0
2024,4,30,12,36.0,38,0.0,5.0
2024,4,30,15,29.6,68,0.0,3.0
2024,4,30,18,26.5,79,0.0,4.0
2024,4,30,21,26.2,82,0.0,0.0
2024,5,1,0,26.5,87,0.0,0.0
2024,5,1,3,29.6,67,0.0,4.0
2024,5,1,6,35.6,34,0.0,6.0
2024,5,1,9,39.0,21,0.0,5.0
2024,5,1,12,35.0,32,0.0,5.0
2024,5,1,15,28.0,53,0.0,5.0
2024,5,1,18,26.0,66,0.0,0.0
2024,5,1,21,26.0,66,0.0,5.0
2024,5,2,0,25.4,65,0.0,5.0
2024,5,2,3,31.4,27,0.0,4.0
2024,5,2,6,37.0,17,0.0,5.0
2024,5,2,9,38.7,20,0.0,7.0
2024,5,2,12,34.0,28,0.0,5.0
2024,5,2,15,27.0,45,0.0,5.0
2024,5,2,18,24.2,55,0.0,4.0
2024,5,2,21,24.0,81,0.0,4.0
2024,5,3,0,23.5,91,0.0,8.0
2024,5,3,3,27.8,67,0.0,5.0
2024,5,3,6,34.5,32,0.0,6.0
2024,5,3,9,36.6,23,0.0,6.0
2024,5,3,12,34.0,33,0.0,5.0
2024,5,3,15,30.4,49,0.0,0.0
2024,5,3,18,28.4,50,0.0,0.0
2024,5,3,21,25.0,65,0.0,0.0
2024,5,4,0,23.0,77,0.0,5.0
2024,5,4,3,28.5,64,0.0,5.0
2024,5,4,6,32.0,57,0.0,6.0
2024,5,4,9,33.5,55,0.0,5.0
2024,5,4,12,31.8,65,0.0,4.0
2024,5,4,15,29.0,76,0.0,4.0
2024,5,4,18,26.5,83,0.0,5.0
2024,5,4,21,25.0,84,0.0,4.0
2024,5,5,0,24.4,87,0.0,0.0
2024,5,5,3,26.2,77,0.0,5.0
2024,5,5,6,29.0,65,0.0,5.0
2024,5,5,9,30.5,63,0.0,5.0
2024,5,5,12,27.5,67,0.0,6.0
2024,5,5,15,26.2,74,0.0,8.0
2024,5,5,18,25.8,74,0.0,6.0
2024,5,5,21,22.6,74,0.0,5.0
2024,5,6,0,23.0,77,0.0,5.0
2024,5,6,3,25.0,70,0.0,5.0
2024,5,6,6,26.4,66,0.0,5.0
2024,5,6,9,26.5,67,0.0,8.0
2024,5,6,12,25.0,74,0.0,6.0
2024,5,6,15,23.5,77,0.0,8.0
2024,5,6,18,22.0,80,0.0,8.0
2024,5,6,21,22.0,85,0.0,5.0
2024,5,7,0,23.0,81,0.0,5.0
2024,5,7,3,24.4,78,0.6,8.0
2024,5,7,6,29.0,56,0.0,8.0
2024,5,7,9,29.5,55,0.0,5.0
2024,5,7,12,26.4,70,0.0,4.0
2024,5,7,15,25.0,75,0.0,0.0
2024,5,7,18,23.5,81,0.0,0.0
2024,5,7,21,23.2,84,0.0,0.0
2024,5,8,0,23.0,86,0.0,0.0
2024,5,8,3,23.0,89,0.8,0.0
2024,5,8,6,27.0,75,0.0,5.0
2024,5,8,9,31.5,48,0.0,5.0
2024,5,8,12,29.6,54,0.0,0.0
2024,5,8,15,26.3,76,0.0,0.0
2024,5,8,18,24.8,88,0.0,0.0
2024,5,8,21,23.8,89,0.0,0.0
2024,5,9,0,22.8,85,0.0,0.0
2024,5,9,3,28.4,64,0.0,0.0
2024,5,9,6,32.0,51,0.0,2.0
2024,5,9,9,33.2,48,0.0,5.0
2024,5,9,12,26.8,62,0.0,5.0
2024,5,9,15,25.5,69,0.0,5.0
2024,5,9,18,24.2,71,0.0,4.0
2024,5,9,21,24.0,81,0.0,5.0
2024,5,10,0,24.2,85,0.0,0.0
2024,5,10,3,27.2,69,0.0,5.0
2024,5,10,6,32.0,51,0.0,6.0
2024,5,10,9,33.2,45,0.0,5.0
2024,5,10,12,25.4,74,0.0,10.0
2024,5,10,15,24.5,79,2.6,5.0
2024,5,10,18,24.0,80,0.0,5.0
2024,5,10,21,24.2,81,0.0,5.0
2024,5,11,0,24.0,84,0.0,5.0
2024,5,11,3,28.2,71,0.0,1.0
2024,5,11,6,32.0,56,0.0,6.0
2024,5,11,9,33.0,52,0.0,5.0
2024,5,11,12,31.4,59,0.0,5.0
2024,5,11,15,29.0,68,0.0,5.0
2024,5,11,18,25.2,80,0.0,4.0
2024,5,11,21,25.0,82,0.0,0.0
2024,5,12,0,24.8,84,0.0,0.0
2024,5,12,3,29.5,64,0.0,5.0
2024,5,12,6,32.5,54,0.0,5.0
2024,5,12,9,32.0,57,0.0,5.0
2024,5,12,12,29.0,61,0.0,5.0
2024,5,12,15,27.2,70,0.0,0.0
2024,5,12,18,24.0,81,0.0,4.0
2024,5,12,21,24.0,84,0.0,0.0
2024,5,13,0,24.5,87,0.0,0.0
2024,5,13,3,30.4,63,0.0,0.0
2024,5,13,6,34.4,47,0.0,0.0
2024,5,13,9,36.0,41,0.2,4.0
2024,5,13,12,32.5,54,0.2,5.0
2024,5,13,15,30.0,72,0.0,5.0
2024,5,13,18,29.0,76,0.0,0.0
2024,5,13,21,27.5,79,0.0,5.0
2024,5,14,0,26.5,86,0.0,5.0
2024,5,14,3,31.5,63,0.0,5.0
2024,5,14,6,36.5,42,0.0,5.0
2024,5,14,9,37.4,37,0.0,5.0
2024,5,14,12,34.0,52,0.0,5.0
2024,5,14,15,30.5,66,0.0,5.0
2024,5,14,18,28.5,72,0.0,4.0
2024,5,14,21,28.0,83,0.0,0.0
2024,5,15,0,27.5,83,0.0,0.0
2024,5,15,3,31.5,63,0.0,5.0
2024,5,15,6,37.0,48,0.0,5.0
2024,5,15,9,38.0,40,0.0,0.0
2024,5,15,12,35.4,51,0.0,2.0
2024,5,15,15,31.0,68,0.0,0.0
2024,5,15,18,29.4,74,0.0,0.0
2024,5,15,21,28.0,81,0.0,2.0
2024,5,16,0,27.4,87,0.0,0.0
2024,5,16,3,33.2,63,0.0,0.0
2024,5,16,6,37.5,45,0.0,5.0
2024,5,16,9,39.2,38,0.0,4.0
2024,5,16,12,35.0,53,0.0,2.0
2024,5,16,15,31.0,69,0.0,6.0
2024,5,16,18,28.6,80,0.0,5.0
2024,5,16,21,27.4,79,0.0,0.0
2024,5,17,0,26.5,83,0.0,0.0
2024,5,17,3,31.8,65,0.0,0.0
2024,5,17,6,36.0,45,0.0,5.0
2024,5,17,9,39.0,40,0.0,4.0
2024,5,17,12,36.2,50,0.0,0.0
2024,5,17,15,33.0,63,0.0,0.0
2024,5,17,18,29.4,80,0.0,0.0
2024,5,17,21,30.4,82,0.0,0.0
2024,5,18,0,29.5,86,0.0,0.0
2024,5,18,3,31.0,77,0.0,5.0
2024,5,18,6,33.4,55,0.0,6.0
2024,5,18,9,33.4,56,0.0,10.0
2024,5,18,12,30.6,68,0.0,5.0
2024,5,18,15,29.0,71,0.0,5.0
2024,5,18,18,28.0,75,0.0,5.0
2024,5,18,21,24.0,91,3.0,4.0
2024,5,19,0,24.5,88,0.0,0.0
2024,5,19,3,28.2,77,0.0,5.0
2024,5,19,6,35.0,42,0.0,5.0
2024,5,19,9,36.0,48,0.0,5.0
2024,5,19,12,32.7,63,0.0,5.0
2024,5,19,15,30.6,69,1.0,10.0
2024,5,19,18,26.0,78,0.4,8.0
2024,5,19,21,24.0,87,25.0,5.0
2024,5,20,0,21.8,91,36.0,5.0
2024,5,20,3,24.5,92,2.0,5.0
2024,5,20,6,26.0,86,0.0,5.0
2024,5,20,9,31.0,61,0.0,5.0
2024,5,20,12,30.0,66,0.0,0.0
2024,5,20,15,27.5,79,0.0,0.0
2024,5,20,18,24.5,87,0.0,0.0
2024,5,20,21,26.0,85,0.0,0.0
2024,5,21,0,26.5,86,0.0,0.0
2024,5,21,3,27.5,76,0.0,5.0
2024,5,21,6,32.0,61,0.0,4.0
2024,5,21,9,34.0,52,0.0,6.0
2024,5,21,12,31.4,61,0.0,0.0
2024,5,21,15,29.5,67,0.0,0.0
2024,5,21,18,28.8,69,0.0,0.0
2024,5,21,21,28.2,77,0.0,0.0
2024,5,22,0,28.0,80,0.0,4.0
2024,5,22,3,25.0,91,25.0,0.0
2024,5,22,6,27.8,78,4.0,0.0
2024,5,22,9,30.2,67,0.0,4.0
2024,5,22,12,30.2,71,0.0,2.0
2024,5,22,15,29.0,76,0.0,0.0
2024,5,22,18,27.8,81,0.0,0.0
2024,5,22,21,27.2,87,0.0,0.0
2024,5,23,0,27.5,89,0.0,0.0
2024,5,23,3,32.4,66,0.0,5.0
2024,5,23,6,35.8,47,0.0,5.0
2024,5,23,9,37.2,45,0.0,4.0
2024,5,23,12,33.0,64,0.0,0.0
2024,5,23,15,31.2,75,0.0,0.0
2024,5,23,18,29.8,84,0.0,0.0
2024,5,23,21,28.6,89,0.0,0.0
2024,5,24,0,28.4,92,0.0,0.0
2024,5,24,3,34.0,58,0.0,0.0
2024,5,24,6,37.5,47,0.0,0.0
2024,5,24,9,37.8,51,0.0,5.0
2024,5,24,12,36.0,57,0.0,0.0
2024,5,24,15,31.6,80,0.0,0.0
2024,5,24,18,30.4,84,0.0,0.0
2024,5,24,21,29.5,84,0.0,0.0
2024,5,25,0,29.2,83,0.0,0.0
2024,5,25,3,33.6,61,0.0,5.0
2024,5,25,6,38.0,47,0.0,6.0
2024,5,25,9,39.0,43,0.0,5.0
2024,5,25,12,37.0,49,0.0,0.0
2024,5,25,15,32.0,66,0.0,0.0
2024,5,25,18,30.7,75,0.0,0.0
2024,5,25,21,29.4,82,0.3,0.0
2024,5,26,0,28.0,85,0.3,0.0
2024,5,26,3,30.8,75,0.0,8.0
2024,5,26,6,35.0,51,0.0,6.0
2024,5,26,9,35.8,52,0.0,5.0
2024,5,26,12,35.2,56,0.0,5.0
2024,5,26,15,33.0,67,0.0,5.0
2024,5,26,18,29.0,80,0.0,7.0
2024,5,26,21,28.2,79,0.0,8.0
2024,5,27,0,27.8,81,0.0,1.0
2024,5,27,3,29.8,73,0.0,1.0
2024,5,27,6,28.0,87,0.4,1.0
2024,5,27,9,28.0,88,0.4,1.0
2024,5,27,12,26.8,87,1.4,1.0
2024,5,27,15,24.5,91,1.6,1.0
2024,5,27,18,24.5,91,0.0,1.0
2024,5,27,21,26.8,83,0.8,1.0
2024,5,28,0,27.7,75,0.0,1.0
2024,5,28,3,30.0,69,0.0,0.0
2024,5,28,6,34.2,57,0.0,6.0
2024,5,28,9,36.0,54,0.0,8.0
2024,5,28,12,34.4,56,0.0,6.0
2024,5,28,15,30.0,73,0.0,7.0
2024,5,28,18,28.8,81,0.0,6.0
2024,5,28,21,30.0,88,0.0,5.0
2024,5,29,0,29.5,92,0.0,0.0
2024,5,29,3,31.4,81,0.0,5.0
2024,5,29,6,33.8,67,0.0,5.0
2024,5,29,9,36.0,60,0.0,5.0
2024,5,29,12,34.0,75,0.0,5.0
2024,5,29,15,31.4,81,0.0,2.0
2024,5,29,18,30.0,84,0.0,2.0
2024,5,29,21,24.2,91,21.0,5.0
2024,5,30,0,25.0,88,0.0,5.0
2024,5,30,3,26.0,87,0.0,0.0
2024,5,30,6,27.5,79,0.0,5.0
2024,5,30,9,27.5,79,0.0,5.0
2024,5,30,12,26.2,77,0.0,5.0
2024,5,30,15,25.5,78,0.0,5.0
2024,5,30,18,23.8,84,0.0,6.0
2024,5,30,21,23.5,93,20.0,8.0
2024,5,31,0,23.2,93,5.6,6.0
2024,5,31,3,26.6,88,1.0,5.0
2024,5,31,6,29.8,75,0.0,0.0
2024,5,31,9,29.2,78,0.0,5.0
2024,5,31,12,29.4,80,0.0,5.0
2024,5,31,15,29.0,84,0.0,0.0
2024,5,31,18,28.4,85,0.0,0.0
2024,5,31,21,28.4,85,0.0,0.0
2024,6,1,0,27.6,92,0.0,0.0
2024,6,1,3,28.0,71,0.0,5.0
2024,6,1,6,33.4,64,0.0,6.0
2024,6,1,9,34.0,65,0.0,5.0
2024,6,1,12,33.4,70,0.0,0.0
2024,6,1,15,30.5,77,0.0,0.0
2024,6,1,18,28.2,81,5.2,8.0
2024,6,1,21,26.5,87,0.0,5.0
2024,6,2,0,25.5,87,0.0,6.0
2024,6,2,3,30.0,72,0.0,6.0
2024,6,2,6,33.5,58,0.0,5.0
2024,6,2,9,35.4,53,0.0,2.0
2024,6,2,12,35.0,55,0.0,2.0
2024,6,2,15,31.8,72,0.0,2.0
2024,6,2,18,30.6,77,0.0,2.0
2024,6,2,21,27.6,78,0.0,0.0
2024,6,3,0,26.2,82,0.0,0.0
2024,6,3,3,28.0,75,0.0,5.0
2024,6,3,6,33.0,64,0.0,0.0
2024,6,3,9,35.0,56,0.0,2.0
2024,6,3,12,33.8,63,0.0,0.0
2024,6,3,15,31.8,72,0.0,5.0
2024,6,3,18,25.5,90,34.4,6.0
2024,6,3,21,25.2,87,0.0,5.0
2024,6,4,0,25.0,89,0.6,4.0
2024,6,4,3,26.0,90,0.4,5.0
2024,6,4,6,28.8,77,0.0,5.0
2024,6,4,9,31.8,63,0.0,5.0
2024,6,4,12,30.8,71,0.0,5.0
2024,6,4,15,29.0,80,0.0,5.0
2024,6,4,18,27.0,92,0.0,5.0
2024,6,4,21,27.0,90,0.0,0.0
2024,6,5,0,27.0,88,0.0,0.0
2024,6,5,3,29.0,80,0.0,8.0
2024,6,5,6,32.0,63,0.0,5.0
2024,6,5,9,33.4,57,0.0,5.0
2024,6,5,12,32.4,70,0.0,5.0
2024,6,5,15,29.5,88,0.6,0.0
2024,6,5,18,29.0,87,0.0,0.0
2024,6,5,21,25.0,95,33.2,6.0
2024,6,6,0,25.8,93,12.0,0.0
2024,6,6,3,27.0,83,0.0,0.0
2024,6,6,6,31.4,69,0.0,5.0
2024,6,6,9,33.0,57,0.0,0.0
2024,6,6,12,32.0,66,0.0,0.0
2024,6,6,15,29.6,83,0.0,0.0
2024,6,6,18,28.8,86,0.0,0.0
2024,6,6,21,28.0,90,0.0,0.0
2024,6,7,0,27.2,93,0.0,0.0
2024,6,7,3,31.4,74,0.0,5.0
2024,6,7,6,35.0,56,0.0,4.0
2024,6,7,9,31.0,59,0.0,4.0
2024,6,7,12,33.2,59,0.0,4.0
2024,6,7,15,30.0,76,0.0,5.0
2024,6,7,18,28.6,79,0.0,6.0
2024,6,7,21,28.5,81,0.0,6.0
2024,6,8,0,28.2,83,0.0,0.0
2024,6,8,3,29.5,76,0.0,5.0
2024,6,8,6,31.0,69,0.0,6.0
2024,6,8,9,32.4,66,0.0,2.0
2024,6,8,12,30.8,75,0.0,5.0
2024,6,8,15,30.2,79,0.0,2.0
2024,6,8,18,29.8,81,0.0,2.0
2024,6,8,21,28.2,85,0.0,5.0
2024,6,9,0,27.5,88,0.0,5.0
2024,6,9,3,28.4,80,0.0,5.0
2024,6,9,6,31.0,69,0.0,5.0
2024,6,9,9,31.4,65,0.0,6.0
2024,6,9,12,30.2,75,0.0,5.0
2024,6,9,15,29.6,78,0.0,5.0
2024,6,9,18,28.0,83,0.0,5.0
2024,6,9,21,27.0,83,0.0,6.0
2024,6,10,0,25.8,91,2.1,2.0
2024,6,10,3,27.7,90,0.0,4.0
2024,6,10,6,32.0,76,0.0,5.0
2024,6,10,9,32.2,63,0.0,5.0
2024,6,10,12,32.0,67,0.0,5.0
2024,6,10,15,29.8,76,0.0,5.0
2024,6,10,18,28.4,80,0.0,5.0
2024,6,10,21,28.2,85,0.0,0.0
2024,6,11,0,28.0,88,0.0,0.0
2024,6,11,3,28.5,88,0.0,5.0
2024,6,11,6,33.3,68,0.0,5.0
2024,6,11,9,35.0,59,0.0,5.0
2024,6,11,12,32.0,77,0.0,6.0
2024,6,11,15,30.0,84,0.0,5.0
2024,6,11,18,29.0,88,0.0,4.0
2024,6,11,21,28.4,89,0.0,0.0
2024,6,12,0,27.6,93,6.4,0.0
2024,6,12,3,29.0,88,0.2,0.0
2024,6,12,6,32.0,77,0.0,8.0
2024,6,12,9,31.0,80,0.0,5.0
2024,6,12,12,30.4,80,0.0,5.0
2024,6,12,15,30.0,87,0.0,5.0
2024,6,12,18,28.8,88,0.0,5.0
2024,6,12,21,27.0,95,0.1,5.0
2024,6,13,0,26.2,91,0.3,5.0
2024,6,13,3,27.0,88,0.0,0.0
2024,6,13,6,29.0,80,0.0,5.0
2024,6,13,9,32.5,70,0.0,4.0
2024,6,13,12,31.8,77,0.0,4.0
2024,6,13,15,30.0,80,0.0,7.0
2024,6,13,18,28.6,87,0.0,8.0
2024,6,13,21,25.6,91,17.2,8.0
2024,6,14,0,25.5,92,3.8,8.0
2024,6,14,3,25.5,91,1.2,0.0
2024,6,14,6,29.2,73,0.0,4.0
2024,6,14,9,30.5,72,0.0,5.0
2024,6,14,12,29.4,82,0.0,5.0
2024,6,14,15,28.0,83,0.0,5.0
2024,6,14,18,27.4,88,0.0,5.0
2024,6,14,21,27.0,88,0.0,5.0
2024,6,15,0,24.6,91,22.2,0.0
2024,6,15,3,25.4,92,20.0,0.0
2024,6,15,6,28.0,83,0.0,5.0
2024,6,15,9,29.0,82,0.0,5.0
2024,6,15,12,27.6,85,0.0,5.0
2024,6,15,15,27.5,81,0.0,5.0
2024,6,15,18,27.0,83,0.0,5.0
2024,6,15,21,26.6,92,20.0,6.0
2024,6,16,0,25.5,93,9.4,5.0
2024,6,16,3,25.4,93,6.6,4.0
2024,6,16,6,26.8,90,0.0,8.0
2024,6,16,9,28.5,80,0.0,5.0
2024,6,16,12,27.4,87,0.0,5.0
2024,6,16,15,27.0,90,0.0,5.0
2024,6,16,18,26.6,91,0.0,5.0
2024,6,16,21,26.5,96,10.0,5.0
2024,6,17,0,27.0,96,15.0,0.0
2024,6,17,3,28.0,93,0.0,4.0
2024,6,17,6,27.4,85,0.0,6.0
2024,6,17,9,29.0,83,0.0,5.0
2024,6,17,12,28.5,85,0.0,5.0
2024,6,17,15,28.0,88,0.0,5.0
2024,6,17,18,28.0,88,0.0,3.0
2024,6,17,21,26.0,93,8.5,0.0
2024,6,18,0,25.0,93,15.5,0.0
2024,6,18,3,25.2,93,4.4,5.0
2024,6,18,6,25.6,91,3.0,5.0
2024,6,18,9,27.5,79,0.5,5.0
2024,6,18,12,27.0,83,0.0,5.0
2024,6,18,15,26.8,89,0.0,5.0
2024,6,18,18,26.2,90,0.0,5.0
2024,6,18,21,25.8,85,10.0,6.0
2024,6,19,0,25.4,95,18.0,0.0
2024,6,19,3,26.0,91,0.2,5.0
2024,6,19,6,27.0,87,0.0,5.0
2024,6,19,9,26.8,88,0.0,5.0
2024,6,19,12,26.6,87,0.0,5.0
2024,6,19,15,26.0,87,0.0,5.0
2024,6,19,18,25.0,91,0.0,7.0
2024,6,19,21,24.5,96,16.0,6.0
2024,6,20,0,25.0,95,24.0,0.0
2024,6,20,3,25.0,95,6.4,5.0
2024,6,20,6,28.4,81,0.0,4.0
2024,6,20,9,31.4,67,0.0,0.0
2024,6,20,12,30.0,76,0.0,0.0
2024,6,20,15,27.8,81,0.0,4.0
2024,6,20,18,26.3,89,0.0,3.0
2024,6,20,21,26.0,91,0.0,0.0
2024,6,21,0,27.0,92,0.0,0.0
2024,6,21,3,30.0,76,0.0,5.0
2024,6,21,6,32.2,67,0.0,0.0
2024,6,21,9,34.0,55,0.0,4.0
2024,6,21,12,32.6,67,0.0,4.0
2024,6,21,15,30.0,84,0.0,3.0
2024,6,21,18,28.3,88,0.0,4.0
2024,6,21,21,28.4,89,0.0,0.0
2024,6,22,0,28.8,90,0.0,0.0
2024,6,22,3,31.3,75,0.0,5.0
2024,6,22,6,33.0,67,0.0,5.0
2024,6,22,9,32.8,69,0.0,6.0
2024,6,22,12,32.2,72,0.0,4.0
2024,6,22,15,29.6,83,0.0,0.0
2024,6,22,18,28.6,87,0.0,0.0
2024,6,22,21,28.2,90,0.0,0.0
2024,6,23,0,28.0,92,0.0,0.0
2024,6,23,3,30.2,81,0.0,4.0
2024,6,23,6,32.6,68,0.0,5.0
2024,6,23,9,34.0,65,0.0,5.0
2024,6,23,12,33.0,69,0.0,5.0
2024,6,23,15,31.4,77,0.0,0.0
2024,6,23,18,29.8,84,0.0,0.0
2024,6,23,21,29.4,88,0.0,0.0
2024,6,24,0,29.0,92,0.0,0.0
2024,6,24,3,31.8,72,0.0,5.0
2024,6,24,6,34.8,59,0.0,5.0
2024,6,24,9,35.0,59,0.0,7.0
2024,6,24,12,34.0,65,0.0,0.0
2024,6,24,15,31.4,81,0.0,4.0
2024,6,24,18,30.2,86,0.0,0.0
2024,6,24,21,29.6,87,0.0,0.0
2024,6,25,0,29.4,86,0.0,4.0
2024,6,25,3,31.0,80,0.0,5.0
2024,6,25,6,32.4,72,0.0,0.0
2024,6,25,9,32.8,72,0.0,5.0
2024,6,25,12,32.4,71,0.0,5.0
2024,6,25,15,31.2,79,0.0,2.0
2024,6,25,18,29.6,87,0.0,0.0
2024,6,25,21,29.2,92,0.0,0.0
2024,6,26,0,29.0,90,0.0,0.0
2024,6,26,3,31.8,69,0.0,2.0
2024,6,26,6,32.8,74,0.0,6.0
2024,6,26,9,28.1,89,3.0,5.0
2024,6,26,12,32.0,80,0.0,0.0
2024,6,26,15,30.0,84,0.0,0.0
2024,6,26,18,28.6,87,0.0,0.0
2024,6,26,21,28.4,90,0.0,0.0
2024,6,27,0,28.0,92,0.2,0.0
2024,6,27,3,29.0,86,0.8,0.0
2024,6,27,6,31.0,77,0.0,0.0
2024,6,27,9,33.5,68,0.0,5.0
2024,6,27,12,31.4,73,0.0,5.0
2024,6,27,15,30.0,79,0.0,0.0
2024,6,27,18,29.0,83,0.0,0.0
2024,6,27,21,28.6,87,0.0,5.0
2024,6,28,0,28.4,87,0.0,5.0
2024,6,28,3,29.2,83,0.0,5.0
2024,6,28,6,29.0,89,1.0,0.0
2024,6,28,9,30.0,84,0.0,6.0
2024,6,28,12,31.0,80,0.8,6.0
2024,6,28,15,28.6,91,1.0,5.0
2024,6,28,18,28.0,92,0.0,4.0
2024,6,28,21,27.8,91,0.0,4.0
2024,6,29,0,28.0,92,0.0,0.0
2024,6,29,3,29.8,84,0.0,0.0
2024,6,29,6,33.5,68,0.0,5.0
2024,6,29,9,30.4,81,0.4,5.0
2024,6,29,12,29.0,92,17.2,5.0
2024,6,29,15,29.2,92,0.0,4.0
2024,6,29,18,28.6,92,0.0,2.0
2024,6,29,21,28.2,92,0.0,0.0
2024,6,30,0,28.0,95,0.6,0.0
2024,6,30,3,28.5,93,0.4,0.0
2024,6,30,6,27.8,93,1.2,0.0
2024,6,30,9,31.0,81,0.2,5.0
2024,6,30,12,30.4,75,0.0,5.0
2024,6,30,15,28.6,82,0.0,5.0
2024,6,30,18,28.5,81,0.0,5.0
2024,6,30,21,28.0,89,0.0,0.0
2024,7,1,0,27.8,90,0.0,0.0
2024,7,1,3,28.5,91,0.0,0.0
2024,7,1,6,31.0,77,0.0,0.0
2024,7,1,9,31.6,77,0.0,10.0
2024,7,1,12,27.4,92,17.6,5.0
2024,7,1,15,27.5,92,5.2,0.0
2024,7,1,18,26.8,93,6.6,0.0
2024,7,1,21,26.8,95,28.0,0.0
2024,7,2,0,26.6,95,55.0,0.0
2024,7,2,3,28.0,92,1.0,0.0
2024,7,2,6,28.5,86,0.0,5.0
2024,7,2,9,27.8,92,4.0,2.0
2024,7,2,12,27.4,92,6.0,6.0
2024,7,2,15,26.8,92,0.0,4.0
2024,7,2,18,26.8,92,0.0,5.0
2024,7,2,21,26.8,92,1.0,5.0
2024,7,3,0,26.8,92,1.0,5.0
2024,7,3,3,28.2,90,0.0,5.0
2024,7,3,6,30.2,76,0.0,8.0
2024,7,3,9,29.8,79,0.6,2.0
2024,7,3,12,29.6,81,0.0,2.0
2024,7,3,15,28.5,88,0.0,5.0
2024,7,3,18,27.6,91,0.0,4.0
2024,7,3,21,27.6,91,0.0,2.0
2024,7,4,0,27.4,92,2.0,2.0
2024,7,4,3,30.2,82,0.0,5.0
2024,7,4,6,33.0,64,0.0,5.0
2024,7,4,9,31.6,72,0.0,5.0
2024,7,4,12,29.6,79,0.0,8.0
2024,7,4,15,27.8,92,6.8,5.0
2024,7,4,18,27.2,93,2.0,5.0
2024,7,4,21,27.0,93,6.0,5.0
2024,7,5,0,27.5,92,0.8,4.0
2024,7,5,3,27.8,92,0.0,5.0
2024,7,5,6,29.8,81,0.0,5.0
2024,7,5,9,31.4,74,0.6,5.0
2024,7,5,12,27.5,92,38.4,5.0
2024,7,5,15,27.0,92,0.8,4.0
2024,7,5,18,27.0,92,8.8,0.0
2024,7,5,21,26.8,93,11.0,0.0
2024,7,6,0,26.6,93,3.0,0.0
2024,7,6,3,28.0,90,0.0,4.0
2024,7,6,6,29.4,86,0.0,5.0
2024,7,6,9,32.0,70,0.0,0.0
2024,7,6,12,27.1,95,53.2,0.0
2024,7,6,15,26.8,95,11.0,0.0
2024,7,6,18,26.4,97,4.0,0.0
2024,7,6,21,26.8,93,0.0,0.0
2024,7,7,0,27.6,93,0.0,0.0
2024,7,7,3,28.8,87,0.0,5.0
2024,7,7,6,32.0,69,0.8,5.0
2024,7,7,9,32.8,68,0.0,2.0
2024,7,7,12,32.0,70,0.0,0.0
2024,7,7,15,29.8,84,0.0,0.0
2024,7,7,18,29.2,87,0.6,0.0
2024,7,7,21,28.2,95,1.4,0.0
2024,7,8,0,28.4,93,0.0,0.0
2024,7,8,3,31.6,74,0.0,5.0
2024,7,8,6,34.0,62,0.0,8.0
2024,7,8,9,35.0,58,0.0,6.0
2024,7,8,12,33.4,65,0.0,2.0
2024,7,8,15,31.0,77,0.0,4.0
2024,7,8,18,29.0,88,0.0,4.0
2024,7,8,21,28.6,87,0.0,4.0
2024,7,9,0,28.8,89,0.0,5.0
2024,7,9,3,31.0,77,0.0,5.0
2024,7,9,6,33.4,63,0.0,5.0
2024,7,9,9,32.0,76,0.0,5.0
2024,7,9,12,31.4,79,0.0,5.0
2024,7,9,15,30.0,88,0.2,5.0
2024,7,9,18,29.6,91,22.8,2.0
2024,7,9,21,29.0,92,2.5,4.0
2024,7,10,0,28.4,92,4.0,2.0
2024,7,10,3,28.5,93,0.2,0.0
2024,7,10,6,30.0,87,0.4,0.0
2024,7,10,9,32.0,76,0.0,0.0
2024,7,10,12,30.6,81,0.0,0.0
2024,7,10,15,29.5,84,0.0,0.0
2024,7,10,18,28.8,90,0.0,0.0
2024,7,10,21,27.8,92,0.6,0.0
2024,7,11,0,28.0,93,4.0,0.0
2024,7,11,3,29.0,88,0.0,0.0
2024,7,11,6,30.0,88,0.0,0.0
2024,7,11,9,30.6,86,0.0,5.0
2024,7,11,12,30.0,84,0.0,0.0
2024,7,11,15,28.0,93,21.2,0.0
2024,7,11,18,27.0,95,6.8,0.0
2024,7,11,21,27.2,93,2.0,0.0
2024,7,12,0,27.2,93,0.8,0.0
2024,7,12,3,27.5,92,0.2,0.0
2024,7,12,6,30.0,80,0.0,0.0
2024,7,12,9,32.5,70,0.0,5.0
2024,7,12,12,31.0,77,0.0,0.0
2024,7,12,15,28.5,88,1.0,5.0
2024,7,12,18,27.0,96,60.0,5.0
2024,7,12,21,27.0,97,30.0,5.0
2024,7,13,0,27.2,95,15.0,5.0
2024,7,13,3,29.0,88,0.0,0.0
2024,7,13,6,31.6,70,0.0,0.0
2024,7,13,9,29.4,83,5.0,0.0
2024,7,13,12,30.0,79,0.0,0.0
2024,7,13,15,29.0,83,0.0,0.0
2024,7,13,18,28.4,87,0.0,0.0
2024,7,13,21,28.6,86,0.0,0.0
2024,7,14,0,28.2,85,0.0,0.0
2024,7,14,3,31.5,79,0.0,4.0
2024,7,14,6,31.0,80,0.0,5.0
2024,7,14,9,33.5,68,0.0,5.0
2024,7,14,12,33.5,65,0.0,5.0
2024,7,14,15,30.8,78,0.0,5.0
2024,7,14,18,29.0,83,0.0,0.0
2024,7,14,21,28.8,86,0.0,0.0
2024,7,15,0,29.0,88,0.0,0.0
2024,7,15,3,32.8,72,0.0,0.0
2024,7,15,6,35.6,58,0.0,0.0
2024,7,15,9,35.8,60,0.0,5.0
2024,7,15,12,34.0,63,0.0,5.0
2024,7,15,15,32.0,77,0.0,0.0
2024,7,15,18,29.5,87,0.0,0.0
2024,7,15,21,28.0,93,3.0,0.0
2024,7,16,0,27.4,92,4.0,0.0
2024,7,16,3,28.0,92,0.4,5.0
2024,7,16,6,30.4,84,0.2,5.0
2024,7,16,9,33.2,66,0.0,4.0
2024,7,16,12,32.2,73,0.0,2.0
2024,7,16,15,30.0,84,0.0,0.0
2024,7,16,18,29.0,88,0.0,0.0
2024,7,16,21,28.6,90,0.0,0.0
2024,7,17,0,28.0,92,0.0,0.0
2024,7,17,3,33.0,68,0.0,0.0
2024,7,17,6,35.2,61,0.0,0.0
2024,7,17,9,36.2,54,0.0,2.0
2024,7,17,12,33.6,65,0.0,4.0
2024,7,17,15,32.2,73,0.0,0.0
2024,7,17,18,31.2,77,0.0,0.0
2024,7,17,21,30.0,81,0.0,0.0
2024,7,18,0,29.0,86,0.0,5.0
2024,7,18,3,29.0,87,0.0,0.0
2024,7,18,6,33.4,68,0.0,5.0
2024,7,18,9,34.8,62,0.0,4.0
2024,7,18,12,34.0,65,0.0,0.0
2024,7,18,15,31.8,76,0.0,2.0
2024,7,18,18,30.8,81,0.0,2.0
2024,7,18,21,30.0,82,0.0,2.0
2024,7,19,0,30.0,92,0.0,4.0
2024,7,19,3,32.0,74,0.0,5.0
2024,7,19,6,34.5,62,0.0,8.0
2024,7,19,9,35.2,58,0.0,2.0
2024,7,19,12,33.4,68,0.0,2.0
2024,7,19,15,31.4,74,0.0,0.0
2024,7,19,18,30.8,78,0.0,0.0
2024,7,19,21,29.0,92,0.0,0.0
2024,7,20,0,28.4,95,1.2,0.0
2024,7,20,3,31.8,75,0.0,5.0
2024,7,20,6,33.6,64,0.0,5.0
2024,7,20,9,33.0,73,0.0,5.0
2024,7,20,12,33.0,64,0.0,5.0
2024,7,20,15,31.0,77,0.0,0.0
2024,7,20,18,30.2,79,0.0,0.0
2024,7,20,21,29.4,92,0.0,0.0
2024,7,21,0,29.0,92,0.0,0.0
2024,7,21,3,32.0,70,0.0,5.0
2024,7,21,6,34.2,57,0.0,5.0
2024,7,21,9,35.4,59,0.0,4.0
2024,7,21,12,33.8,62,0.0,6.0
2024,7,21,15,30.5,74,0.0,5.0
2024,7,21,18,29.5,80,0.0,5.0
2024,7,21,21,29.0,83,0.0,5.0
2024,7,22,0,28.5,88,0.0,5.0
2024,7,22,3,30.5,77,0.0,6.0
2024,7,22,6,33.4,64,0.0,1.0
2024,7,22,9,33.5,62,0.0,5.0
2024,7,22,12,29.0,95,5.0,5.0
2024,7,22,15,29.5,88,0.0,5.0
2024,7,22,18,29.4,89,0.0,5.0
2024,7,22,21,28.4,90,0.0,4.0
2024,7,23,0,28.0,92,0.0,5.0
2024,7,23,3,30.0,80,0.0,5.0
2024,7,23,6,31.4,74,0.0,5.0
2024,7,23,9,29.0,89,5.0,8.0
2024,7,23,12,30.4,75,9.0,5.0
2024,7,23,15,29.2,82,0.0,5.0
2024,7,23,18,29.0,82,0.0,5.0
2024,7,23,21,28.0,92,0.0,5.0
2024,7,24,0,27.5,93,10.6,5.0
2024,7,24,3,29.0,90,1.4,1.0
2024,7,24,6,33.0,69,0.0,5.0
2024,7,24,9,33.2,67,0.0,6.0
2024,7,24,12,32.4,67,0.0,0.0
2024,7,24,15,29.0,80,0.0,0.0
2024,7,24,18,28.8,81,0.0,0.0
2024,7,24,21,28.6,87,0.0,0.0
2024,7,25,0,29.0,88,0.0,4.0
2024,7,25,3,30.0,82,0.0,6.0
2024,7,25,6,33.4,65,0.0,8.0
2024,7,25,9,35.2,55,0.0,5.0
2024,7,25,12,35.0,58,0.0,5.0
2024,7,25,15,32.0,79,0.0,5.0
2024,7,25,18,30.2,80,0.0,0.0
2024,7,25,21,30.0,87,0.0,0.0
2024,7,26,0,30.0,84,0.0,5.0
2024,7,26,3,33.4,68,0.0,5.0
2024,7,26,6,36.2,54,0.0,5.0
2024,7,26,9,37.0,54,0.0,2.0
2024,7,26,12,35.2,60,0.0,5.0
2024,7,26,15,32.4,74,0.0,0.0
2024,7,26,18,31.0,80,0.0,0.0
2024,7,26,21,30.6,86,0.0,0.0
2024,7,27,0,30.2,90,0.0,0.0
2024,7,27,3,31.8,77,0.6,5.0
2024,7,27,6,36.0,60,0.0,5.0
2024,7,27,9,36.8,53,0.0,6.0
2024,7,27,12,35.0,62,0.0,4.0
2024,7,27,15,32.0,77,0.0,0.0
2024,7,27,18,31.0,81,0.0,0.0
2024,7,27,21,30.6,81,0.0,0.0
2024,7,28,0,30.0,88,0.0,5.0
2024,7,28,3,31.2,77,0.0,0.0
2024,7,28,6,34.0,65,0.0,5.0
2024,7,28,9,35.0,59,0.0,5.0
2024,7,28,12,35.4,53,0.0,0.0
2024,7,28,15,32.4,76,0.0,0.0
2024,7,28,18,31.8,79,0.0,0.0
2024,7,28,21,31.2,83,0.0,0.0
2024,7,29,0,30.2,84,0.0,0.0
2024,7,29,3,33.0,68,0.0,5.0
2024,7,29,6,34.0,65,0.0,5.0
2024,7,29,9,35.0,56,0.0,5.0
2024,7,29,12,33.0,67,0.0,0.0
2024,7,29,15,30.0,76,0.0,0.0
2024,7,29,18,29.6,79,0.0,0.0
2024,7,29,21,29.4,83,0.0,0.0
2024,7,30,0,29.5,88,0.0,5.0
2024,7,30,3,32.0,74,0.0,5.0
2024,7,30,6,35.0,62,0.0,5.0
2024,7,30,9,34.4,63,0.0,5.0
2024,7,30,12,33.5,67,0.0,5.0
2024,7,30,15,31.5,77,0.0,0.0
2024,7,30,18,30.2,75,0.0,0.0
2024,7,30,21,29.5,88,0.0,0.0
2024,7,31,0,29.2,90,0.0,0.0
2024,7,31,3,31.2,83,0.0,5.0
2024,7,31,6,35.0,62,0.0,5.0
2024,7,31,9,35.8,58,0.0,5.0
2024,7,31,12,34.4,65,0.0,2.0
2024,7,31,15,32.4,73,0.0,2.0
2024,7,31,18,31.4,81,0.0,2.0
2024,7,31,21,30.4,87,0.0,4.0
2024,8,1,0,29.4,92,0.0,0.0
2024,8,1,3,30.5,77,0.6,8.0
2024,8,1,6,32.8,65,0.0,8.0
2024,8,1,9,28.0,92,10.0,8.0
2024,8,1,12,29.4,76,0.4,8.0
2024,8,1,15,28.5,83,0.0,1.0
2024,8,1,18,28.0,83,0.0,6.0
2024,8,1,21,27.2,90,2.8,8.0
2024,8,2,0,27.0,87,0.0,1.0
2024,8,2,3,29.0,80,0.0,6.0
2024,8,2,6,29.0,76,0.2,8.0
2024,8,2,9,28.0,88,3.4,1.0
2024,8,2,12,27.2,92,4.0,8.0
2024,8,2,15,26.8,95,7.0,8.0
2024,8,2,18,26.0,96,6.0,6.0
2024,8,2,21,26.4,95,0.0,6.0
2024,8,3,0,26.8,92,0.0,6.0
2024,8,3,3,27.0,92,6.2,5.0
2024,8,3,6,27.0,92,1.6,5.0
2024,8,3,9,26.8,96,9.0,6.0
2024,8,3,12,26.0,93,11.0,0.0
2024,8,3,15,27.5,88,0.4,0.0
2024,8,3,18,27.0,90,0.0,0.0
2024,8,3,21,26.4,91,0.0,0.0
2024,8,4,0,26.8,93,0.0,0.0
2024,8,4,3,28.5,88,0.0,5.0
2024,8,4,6,30.8,77,0.0,5.0
2024,8,4,9,33.0,69,0.0,0.0
2024,8,4,12,32.0,74,0.0,0.0
2024,8,4,15,30.5,80,0.0,0.0
2024,8,4,18,29.6,84,0.0,0.0
2024,8,4,21,28.6,83,0.0,0.0
2024,8,5,0,28.0,85,0.0,0.0
2024,8,5,3,29.5,84,0.0,0.0
2024,8,5,6,32.0,73,0.0,0.0
2024,8,5,9,33.0,69,0.0,0.0
2024,8,5,12,32.2,74,0.0,2.0
2024,8,5,15,30.0,82,0.0,5.0
2024,8,5,18,29.5,84,0.0,0.0
2024,8,5,21,28.8,89,0.0,0.0
2024,8,6,0,28.0,90,0.0,0.0
2024,8,6,3,29.5,87,0.0,5.0
2024,8,6,6,33.0,67,0.0,5.0
2024,8,6,9,33.2,68,0.0,5.0
2024,8,6,12,32.2,74,0.2,5.0
2024,8,6,15,30.0,84,0.2,5.0
2024,8,6,18,28.0,92,1.2,4.0
2024,8,6,21,27.6,92,1.4,0.0
2024,8,7,0,27.5,92,0.0,0.0
2024,8,7,3,30.0,80,0.0,0.0
2024,8,7,6,32.8,68,0.0,5.0
2024,8,7,9,33.0,67,0.0,5.0
2024,8,7,12,32.2,73,0.0,5.0
2024,8,7,15,30.6,80,0.0,2.0
2024,8,7,18,30.2,82,0.0,5.0
2024,8,7,21,29.0,88,12.0,5.0
2024,8,8,0,27.0,92,0.0,0.0
2024,8,8,3,30.4,79,0.0,5.0
2024,8,8,6,32.0,73,0.0,5.0
2024,8,8,9,34.0,58,0.0,5.0
2024,8,8,12,31.6,69,0.0,6.0
2024,8,8,15,29.5,83,0.0,0.0
2024,8,8,18,28.8,83,0.0,0.0
2024,8,8,21,28.4,87,0.0,0.0
2024,8,9,0,28.0,90,0.0,0.0
2024,8,9,3,29.8,79,0.0,5.0
2024,8,9,6,32.5,67,0.0,4.0
2024,8,9,9,32.4,66,0.0,10.0
2024,8,9,12,30.4,76,0.0,5.0
2024,8,9,15,28.8,83,0.2,0.0
2024,8,9,18,28.2,87,0.8,0.0
2024,8,9,21,28.0,89,0.0,0.0
2024,8,10,0,28.0,92,0.0,0.0
2024,8,10,3,31.0,77,0.0,5.0
2024,8,10,6,31.2,74,1.4,5.0
2024,8,10,9,30.2,79,0.0,5.0
2024,8,10,12,30.0,80,0.0,0.0
2024,8,10,15,27.4,92,12.0,0.0
2024,8,10,18,27.4,92,1.0,0.0
2024,8,10,21,27.6,95,0.0,0.0
2024,8,11,0,27.8,93,0.0,0.0
2024,8,11,3,29.5,84,0.0,0.0
2024,8,11,6,29.5,88,0.0,0.0
2024,8,11,9,29.4,85,2.0,0.0
2024,8,11,12,28.0,92,0.0,0.0
2024,8,11,15,27.5,93,0.0,0.0
2024,8,11,18,27.5,93,0.0,0.0
2024,8,11,21,27.4,92,0.0,0.0
2024,8,12,0,28.2,92,0.0,0.0
2024,8,12,3,29.0,88,1.0,0.0
2024,8,12,6,32.5,70,0.0,0.0
2024,8,12,9,30.0,81,0.0,0.0
2024,8,12,12,31.0,78,0.0,0.0
2024,8,12,15,29.8,87,0.0,0.0
2024,8,12,18,29.2,89,0.0,0.0
2024,8,12,21,28.6,90,0.0,0.0
2024,8,13,0,28.4,92,0.0,0.0
2024,8,13,3,29.8,84,0.0,0.0
2024,8,13,6,32.2,74,0.0,5.0
2024,8,13,9,33.2,67,0.0,5.0
2024,8,13,12,32.4,74,0.0,0.0
2024,8,13,15,28.4,93,8.6,0.0
2024,8,13,18,28.0,95,0.0,0.0
2024,8,13,21,28.6,92,0.0,0.0
2024,8,14,0,29.0,92,0.0,0.0
2024,8,14,3,31.5,78,0.0,0.0
2024,8,14,6,35.0,63,0.0,4.0
2024,8,14,9,35.2,54,0.0,0.0
2024,8,14,12,34.4,59,0.0,0.0
2024,8,14,15,32.0,77,0.0,0.0
2024,8,14,18,30.8,77,0.0,0.0
2024,8,14,21,28.0,93,6.0,0.0
2024,8,15,0,27.8,93,0.0,0.0
2024,8,15,3,30.5,80,0.0,4.0
2024,8,15,6,33.6,71,0.0,5.0
2024,8,15,9,35.8,60,0.0,5.0
2024,8,15,12,34.2,67,0.0,2.0
2024,8,15,15,30.8,84,0.0,0.0
2024,8,15,18,30.0,84,5.0,0.0
2024,8,15,21,28.0,92,12.0,0.0
2024,8,16,0,26.8,92,0.0,0.0
2024,8,16,3,29.5,87,0.0,0.0
2024,8,16,6,33.2,63,0.0,0.0
2024,8,16,9,34.0,63,0.0,4.0
2024,8,16,12,33.2,68,0.0,0.0
2024,8,16,15,30.6,83,0.0,0.0
2024,8,16,18,29.8,86,0.0,0.0
2024,8,16,21,28.6,89,0.0,2.0
2024,8,17,0,28.8,90,0.0,0.0
2024,8,17,3,32.0,72,0.0,0.0
2024,8,17,6,34.8,61,0.0,0.0
2024,8,17,9,35.0,65,0.0,0.0
2024,8,17,12,29.2,76,0.0,0.0
2024,8,17,15,28.0,81,0.0,0.0
2024,8,17,18,27.6,83,0.0,0.0
2024,8,17,21,27.8,89,0.0,0.0
2024,8,18,0,28.0,92,0.0,0.0
2024,8,18,3,31.0,77,0.0,0.0
2024,8,18,6,32.8,68,0.0,0.0
2024,8,18,9,32.0,70,0.0,5.0
2024,8,18,12,31.8,67,0.0,5.0
2024,8,18,15,30.5,73,0.0,0.0
2024,8,18,18,29.6,79,0.0,0.0
2024,8,18,21,28.4,85,0.0,0.0
2024,8,19,0,28.0,88,0.0,0.0
2024,8,19,3,30.4,73,0.0,5.0
2024,8,19,6,33.0,63,0.0,5.0
2024,8,19,9,34.0,58,0.0,5.0
2024,8,19,12,30.0,76,0.0,5.0
2024,8,19,15,28.0,83,0.0,0.0
2024,8,19,18,27.0,88,0.0,0.0
2024,8,19,21,27.2,92,0.0,0.0
2024,8,20,0,27.5,88,0.0,0.0
2024,8,20,3,30.0,69,0.0,9.0
2024,8,20,6,32.0,60,0.0,1.0
2024,8,20,9,29.8,67,0.0,1.0
2024,8,20,12,29.0,72,0.0,1.0
2024,8,20,15,27.4,81,0.0,8.0
2024,8,20,18,27.0,83,0.0,1.0
2024,8,20,21,26.8,87,0.0,8.0
2024,8,21,0,26.5,91,0.0,8.0
2024,8,21,3,28.0,83,0.0,5.0
2024,8,21,6,30.0,76,0.0,5.0
2024,8,21,9,31.5,73,0.0,4.0
2024,8,21,12,31.0,77,1.2,0.0
2024,8,21,15,30.0,81,0.0,0.0
2024,8,21,18,28.8,86,0.0,0.0
2024,8,21,21,28.0,88,0.0,0.0
2024,8,22,0,26.8,92,0.0,0.0
2024,8,22,3,31.0,71,0.0,0.0
2024,8,22,6,32.4,66,0.0,5.0
2024,8,22,9,31.0,69,0.0,10.0
2024,8,22,12,29.0,80,0.8,5.0
2024,8,22,15,28.0,83,0.0,8.0
2024,8,22,18,27.5,86,0.0,6.0
2024,8,22,21,27.2,88,0.0,5.0
2024,8,23,0,27.0,87,0.0,5.0
2024,8,23,3,29.0,80,0.0,10.0
2024,8,23,6,31.4,73,0.0,8.0
2024,8,23,9,33.0,67,0.0,5.0
2024,8,23,12,31.8,68,0.0,0.0
2024,8,23,15,29.8,78,0.0,5.0
2024,8,23,18,29.0,80,0.0,0.0
2024,8,23,21,27.8,88,0.0,0.0
2024,8,24,0,27.6,91,0.0,0.0
2024,8,24,3,30.0,76,0.0,5.0
2024,8,24,6,32.5,64,0.0,5.0
2024,8,24,9,33.8,58,0.0,10.0
2024,8,24,12,32.6,68,0.0,5.0
2024,8,24,15,30.2,75,0.0,0.0
2024,8,24,18,29.4,80,0.0,0.0
2024,8,24,21,28.6,87,0.0,0.0
2024,8,25,0,28.4,89,0.0,0.0
2024,8,25,3,31.5,73,0.0,5.0
2024,8,25,6,32.2,69,0.0,4.0
2024,8,25,9,34.0,61,0.0,4.0
2024,8,25,12,33.2,64,0.0,2.0
2024,8,25,15,30.4,75,0.0,0.0
2024,8,25,18,29.2,79,0.0,0.0
2024,8,25,21,28.2,83,0.0,0.0
2024,8,26,0,27.4,85,0.0,0.0
2024,8,26,3,30.8,64,0.0,1.0
2024,8,26,6,31.0,66,0.0,8.0
2024,8,26,9,32.5,61,0.0,5.0
2024,8,26,12,31.6,67,0.0,4.0
2024,8,26,15,30.0,75,0.0,5.0
2024,8,26,18,29.0,80,0.0,4.0
2024,8,26,21,28.4,89,0.0,0.0
2024,8,27,0,28.0,92,0.0,0.0
2024,8,27,3,29.2,82,0.0,5.0
2024,8,27,6,30.8,74,0.0,5.0
2024,8,27,9,33.2,60,0.0,5.0
2024,8,27,12,32.0,70,0.0,0.0
2024,8,27,15,30.0,81,0.0,0.0
2024,8,27,18,29.4,85,0.0,0.0
2024,8,27,21,27.8,89,0.0,0.0
2024,8,28,0,27.4,92,0.0,0.0
2024,8,28,3,31.4,71,0.0,5.0
2024,8,28,6,33.8,62,0.0,5.0
2024,8,28,9,36.0,55,0.0,0.0
2024,8,28,12,32.6,69,0.0,0.0
2024,8,28,15,30.0,81,0.0,5.0
2024,8,28,18,29.0,88,0.0,0.0
2024,8,28,21,28.8,90,0.0,0.0
2024,8,29,0,28.5,92,0.0,0.0
2024,8,29,3,31.5,77,0.0,5.0
2024,8,29,6,34.4,62,0.0,4.0
2024,8,29,9,32.2,79,0.2,5.0
2024,8,29,12,32.8,68,0.8,0.0
2024,8,29,15,30.2,84,0.0,0.0
2024,8,29,18,29.4,86,0.0,0.0
2024,8,29,21,28.6,87,0.0,0.0
2024,8,30,0,28.0,92,0.0,0.0
2024,8,30,3,33.4,65,0.0,0.0
2024,8,30,6,35.4,56,0.0,0.0
2024,8,30,9,34.0,67,0.0,4.0
2024,8,30,12,33.0,72,0.0,2.0
2024,8,30,15,31.0,84,0.0,0.0
2024,8,30,18,29.8,89,0.0,0.0
2024,8,30,21,29.8,89,0.0,0.0
2024,8,31,0,29.8,90,0.0,0.0
2024,8,31,3,31.6,76,0.0,5.0
2024,8,31,6,34.2,62,0.0,5.0
2024,8,31,9,34.8,59,0.0,4.0
2024,8,31,12,32.8,70,0.0,2.0
2024,8,31,15,30.8,84,0.0,0.0
2024,8,31,18,30.4,87,0.0,0.0
2024,8,31,21,27.0,90,0.4,5.0
2024,9,1,0,26.6,95,1.6,5.0
2024,9,1,3,27.0,92,8.0,5.0
2024,9,1,6,30.2,75,0.0,5.0
2024,9,1,9,29.8,79,0.0,0.0
2024,9,1,12,29.4,83,0.0,0.0
2024,9,1,15,28.4,87,0.0,2.0
2024,9,1,18,28.2,89,0.0,0.0
2024,9,1,21,27.8,92,0.0,0.0
2024,9,2,0,27.8,92,0.0,0.0
2024,9,2,3,32.0,70,0.0,5.0
2024,9,2,6,35.0,59,0.0,0.0
2024,9,2,9,35.0,56,0.0,0.0
2024,9,2,12,31.0,77,0.4,5.0
2024,9,2,15,28.2,83,0.0,0.0
2024,9,2,18,28.0,83,0.0,0.0
2024,9,2,21,28.4,90,0.0,0.0
2024,9,3,0,28.6,93,0.0,0.0
2024,9,3,3,33.0,74,0.0,4.0
2024,9,3,6,26.0,91,19.0,0.0
2024,9,3,9,28.0,87,1.0,5.0
2024,9,3,12,28.4,85,0.0,5.0
2024,9,3,15,27.4,92,0.0,0.0
2024,9,3,18,26.8,92,0.0,0.0
2024,9,3,21,27.0,92,0.0,0.0
2024,9,4,0,27.2,92,0.0,0.0
2024,9,4,3,28.5,88,0.2,0.0
2024,9,4,6,32.5,70,0.0,0.0
2024,9,4,9,34.6,64,0.0,4.0
2024,9,4,12,32.4,76,0.0,2.0
2024,9,4,15,29.6,86,0.0,0.0
2024,9,4,18,28.4,90,4.0,0.0
2024,9,4,21,28.0,93,5.4,0.0
2024,9,5,0,27.8,93,0.0,0.0
2024,9,5,3,26.0,91,21.0,0.0
2024,9,5,6,26.0,92,2.6,0.0
2024,9,5,9,28.4,83,2.0,0.0
2024,9,5,12,28.8,82,0.0,0.0
2024,9,5,15,28.0,88,0.0,0.0
2024,9,5,18,27.4,92,0.0,0.0
2024,9,5,21,27.0,92,0.0,0.0
2024,9,6,0,26.0,93,0.0,2.0
2024,9,6,3,30.8,71,0.0,0.0
2024,9,6,6,34.0,58,0.0,0.0
2024,9,6,9,34.6,62,0.0,0.0
2024,9,6,12,32.4,72,0.0,0.0
2024,9,6,15,30.8,78,0.0,0.0
2024,9,6,18,29.5,84,0.0,0.0
2024,9,6,21,28.6,90,0.0,0.0
2024,9,7,0,28.2,93,0.0,0.0
2024,9,7,3,32.6,70,0.0,5.0
2024,9,7,6,35.0,61,0.0,5.0
2024,9,7,9,36.4,54,0.0,4.0
2024,9,7,12,34.0,64,0.0,0.0
2024,9,7,15,30.2,87,0.0,0.0
2024,9,7,18,29.0,89,0.0,0.0
2024,9,7,21,28.4,90,0.0,0.0
2024,9,8,0,28.2,92,0.0,0.0
2024,9,8,3,33.0,74,0.0,6.0
2024,9,8,6,32.4,78,7.0,4.0
2024,9,8,9,34.5,67,0.0,5.0
2024,9,8,12,32.6,79,0.0,0.0
2024,9,8,15,29.8,90,0.4,0.0
2024,9,8,18,29.0,89,0.0,0.0
2024,9,8,21,29.0,90,0.0,0.0
2024,9,9,0,29.0,92,0.0,0.0
2024,9,9,3,31.0,80,0.0,5.0
2024,9,9,6,35.2,59,0.0,0.0
2024,9,9,9,35.5,59,0.0,4.0
2024,9,9,12,32.5,77,0.0,2.0
2024,9,9,15,31.0,80,0.0,0.0
2024,9,9,18,30.2,83,0.0,0.0
2024,9,9,21,29.6,87,0.0,0.0
2024,9,10,0,28.8,90,0.0,0.0
2024,9,10,3,32.4,70,0.0,5.0
2024,9,10,6,34.2,60,0.0,5.0
2024,9,10,9,35.0,59,0.0,4.0
2024,9,10,12,32.8,72,0.0,2.0
2024,9,10,15,31.0,80,0.0,0.0
2024,9,10,18,30.4,81,0.0,0.0
2024,9,10,21,29.0,87,0.0,0.0
2024,9,11,0,28.4,89,0.0,5.0
2024,9,11,3,31.8,72,0.0,0.0
2024,9,11,6,33.6,67,0.0,0.0
2024,9,11,9,35.6,54,0.0,5.0
2024,9,11,12,30.0,73,0.0,5.0
2024,9,11,15,29.0,80,0.0,5.0
2024,9,11,18,28.4,83,0.0,5.0
2024,9,11,21,27.8,89,0.0,0.0
2024,9,12,0,27.2,92,0.0,0.0
2024,9,12,3,32.0,63,0.0,5.0
2024,9,12,6,32.8,62,0.0,6.0
2024,9,12,9,34.5,56,0.0,5.0
2024,9,12,12,33.4,64,0.0,4.0
2024,9,12,15,30.5,82,0.0,0.0
2024,9,12,18,29.6,86,0.0,0.0
2024,9,12,21,28.4,88,0.0,0.0
2024,9,13,0,28.0,90,0.0,0.0
2024,9,13,3,33.2,66,0.0,5.0
2024,9,13,6,35.2,62,0.0,5.0
2024,9,13,9,36.5,57,0.0,5.0
2024,9,13,12,34.0,65,0.0,0.0
2024,9,13,15,28.0,90,9.0,0.0
2024,9,13,18,27.2,92,17.0,0.0
2024,9,13,21,26.8,92,9.4,0.0
2024,9,14,0,26.5,92,0.0,0.0
2024,9,14,3,28.0,88,0.0,4.0
2024,9,14,6,31.2,74,0.0,4.0
2024,9,14,9,32.6,61,0.0,4.0
2024,9,14,12,31.4,69,0.0,0.0
2024,9,14,15,29.6,79,0.0,2.0
2024,9,14,18,28.8,83,0.8,4.0
2024,9,14,21,28.0,83,0.0,5.0
2024,9,15,0,27.0,83,0.4,5.0
2024,9,15,3,28.5,83,0.0,5.0
2024,9,15,6,30.4,69,0.0,8.0
2024,9,15,9,31.7,65,0.0,8.0
2024,9,15,12,28.6,80,0.2,4.0
2024,9,15,15,27.4,88,0.0,5.0
2024,9,15,18,27.0,90,1.0,5.0
2024,9,15,21,26.8,92,0.0,4.0
2024,9,16,0,27.8,89,0.0,5.0
2024,9,16,3,27.0,87,1.2,5.0
2024,9,16,6,30.0,76,0.0,5.0
2024,9,16,9,29.8,79,0.0,5.0
2024,9,16,12,29.2,82,0.0,5.0
2024,9,16,15,28.4,85,0.0,4.0
2024,9,16,18,28.0,89,0.0,4.0
2024,9,16,21,27.6,92,0.0,4.0
2024,9,17,0,26.8,93,0.0,2.0
2024,9,17,3,32.0,70,0.0,5.0
2024,9,17,6,34.0,55,0.0,5.0
2024,9,17,9,35.0,53,0.0,5.0
2024,9,17,12,32.0,76,0.0,4.0
2024,9,17,15,30.0,84,0.0,2.0
2024,9,17,18,29.4,85,0.0,2.0
2024,9,17,21,28.0,90,0.0,0.0
2024,9,18,0,27.5,92,0.0,0.0
2024,9,18,3,33.0,64,0.0,0.0
2024,9,18,6,35.0,62,0.0,0.0
2024,9,18,9,36.0,52,0.0,0.0
2024,9,18,12,33.0,67,0.0,0.0
2024,9,18,15,31.0,80,0.0,0.0
2024,9,18,18,28.8,82,0.0,0.0
2024,9,18,21,28.4,89,0.0,0.0
2024,9,19,0,28.0,92,0.0,0.0
2024,9,19,3,33.4,68,0.0,0.0
2024,9,19,6,35.6,59,0.0,4.0
2024,9,19,9,37.6,56,0.0,4.0
2024,9,19,12,35.2,64,0.0,2.0
2024,9,19,15,31.0,80,0.0,0.0
2024,9,19,18,30.0,84,0.0,0.0
2024,9,19,21,29.0,88,0.0,0.0
2024,9,20,0,28.4,92,0.0,0.0
2024,9,20,3,34.2,68,0.0,0.0
2024,9,20,6,36.2,54,0.0,0.0
2024,9,20,9,38.0,50,0.0,2.0
2024,9,20,12,34.4,66,0.0,2.0
2024,9,20,15,31.4,81,0.0,0.0
2024,9,20,18,30.0,89,0.0,0.0
2024,9,20,21,29.0,92,0.0,0.0
2024,9,21,0,28.8,94,0.0,0.0
2024,9,21,3,34.0,71,0.0,0.0
2024,9,21,6,37.4,55,0.0,0.0
2024,9,21,9,38.2,54,0.0,5.0
2024,9,21,12,35.5,60,0.0,5.0
2024,9,21,15,28.6,83,0.0,2.0
2024,9,21,18,28.4,83,0.0,0.0
2024,9,21,21,28.2,85,0.0,0.0
2024,9,22,0,27.8,92,0.0,0.0
2024,9,22,3,31.5,78,0.0,0.0
2024,9,22,6,36.5,60,0.0,4.0
2024,9,22,9,37.2,48,0.0,5.0
2024,9,22,12,34.5,67,0.0,0.0
2024,9,22,15,32.0,81,0.0,0.0
2024,9,22,18,30.4,84,0.0,0.0
2024,9,22,21,29.8,90,0.0,0.0
2024,9,23,0,29.6,91,0.0,0.0
2024,9,23,3,33.2,70,0.0,0.0
2024,9,23,6,36.8,56,0.0,6.0
2024,9,23,9,37.8,56,0.0,4.0
2024,9,23,12,34.4,68,0.0,1.0
2024,9,23,15,32.4,77,0.0,0.0
2024,9,23,18,31.4,81,0.0,0.0
2024,9,23,21,30.5,88,0.0,0.0
2024,9,24,0,28.8,83,0.0,0.0
2024,9,24,3,29.4,79,0.0,5.0
2024,9,24,6,33.6,70,0.0,5.0
2024,9,24,9,34.0,65,0.0,4.0
2024,9,24,12,31.0,80,0.0,8.0
2024,9,24,15,29.8,81,0.0,0.0
2024,9,24,18,29.0,83,0.0,0.0
2024,9,24,21,27.0,92,10.0,5.0
2024,9,25,0,26.8,93,17.0,5.0
2024,9,25,3,26.4,95,19.4,5.0
2024,9,25,6,30.0,85,1.0,5.0
2024,9,25,9,30.0,75,0.0,6.0
2024,9,25,12,29.0,80,0.0,4.0
2024,9,25,15,28.5,83,0.0,6.0
2024,9,25,18,28.0,83,0.0,6.0
2024,9,25,21,26.8,92,3.0,5.0
2024,9,26,0,26.4,93,20.0,5.0
2024,9,26,3,26.4,95,39.2,5.0
2024,9,26,6,26.7,93,30.2,5.0
2024,9,26,9,26.0,95,21.4,0.0
2024,9,26,12,25.0,95,43.6,5.0
2024,9,26,15,25.5,97,17.4,5.0
2024,9,26,18,25.4,96,15.0,5.0
2024,9,26,21,25.2,96,14.4,5.0
2024,9,27,0,25.0,96,2.0,6.0
2024,9,27,3,25.5,96,6.0,5.0
2024,9,27,6,25.8,95,4.4,5.0
2024,9,27,9,26.5,92,5.0,5.0
2024,9,27,12,25.6,93,17.8,5.0
2024,9,27,15,24.0,94,20.0,0.0
2024,9,27,18,23.8,94,3.0,0.0
2024,9,27,21,24.6,95,0.0,0.0
2024,9,28,0,25.0,96,6.0,0.0
2024,9,28,3,27.0,93,1.0,0.0
2024,9,28,6,31.0,80,0.0,0.0
2024,9,28,9,29.0,82,0.4,6.0
2024,9,28,12,26.6,93,3.8,0.0
2024,9,28,15,26.0,91,1.0,0.0
2024,9,28,18,25.4,93,0.0,0.0
2024,9,28,21,25.6,93,0.0,0.0
2024,9,29,0,25.8,93,0.0,0.0
2024,9,29,3,27.4,88,0.0,0.0
2024,9,29,6,31.0,73,0.0,0.0
2024,9,29,9,32.4,70,0.0,5.0
2024,9,29,12,30.4,81,0.0,2.0
2024,9,29,15,29.0,87,0.0,0.0
2024,9,29,18,28.4,87,0.0,0.0
2024,9,29,21,27.4,92,0.0,0.0
2024,9,30,0,27.2,93,0.0,0.0
2024,9,30,3,29.5,88,0.0,0.0
2024,9,30,6,33.0,67,0.0,5.0
2024,9,30,9,34.4,65,0.0,6.0
2024,9,30,12,32.2,76,0.0,4.0
2024,9,30,15,30.0,84,0.0,0.0
2024,9,30,18,28.4,89,0.0,0.0
2024,9,30,21,27.8,91,0.0,0.0
2024,10,1,0,27.5,93,0.0,0.0
2024,10,1,3,29.8,82,0.0,5.0
2024,10,1,6,32.2,73,0.0,5.0
2024,10,1,9,34.2,65,0.0,2.0
2024,10,1,12,32.4,74,0.0,2.0
2024,10,1,15,30.2,84,0.0,0.0
2024,10,1,18,29.4,86,0.0,2.0
2024,10,1,21,28.4,89,0.0,0.0
2024,10,2,0,27.4,92,0.0,0.0
2024,10,2,3,29.2,86,0.0,5.0
2024,10,2,6,31.4,75,0.0,5.0
2024,10,2,9,34.5,62,0.0,5.0
2024,10,2,12,29.6,79,0.0,0.0
2024,10,2,15,29.2,89,0.0,0.0
2024,10,2,18,28.8,92,0.0,0.0
2024,10,2,21,27.6,92,0.0,0.0
2024,10,3,0,27.0,90,0.0,0.0
2024,10,3,3,27.7,90,0.2,5.0
2024,10,3,6,27.6,92,17.8,5.0
2024,10,3,9,27.0,87,1.2,5.0
2024,10,3,12,27.2,86,0.0,5.0
2024,10,3,15,26.6,88,0.0,5.0
2024,10,3,18,26.0,91,0.0,5.0
2024,10,3,21,26.0,91,0.0,6.0
2024,10,4,0,26.0,91,0.0,5.0
2024,10,4,3,26.0,91,3.0,6.0
2024,10,4,6,29.8,80,0.0,5.0
2024,10,4,9,27.0,87,0.0,5.0
2024,10,4,12,26.0,91,0.0,5.0
2024,10,4,15,26.2,85,0.2,8.0
2024,10,4,18,25.0,92,0.2,6.0
2024,10,4,21,24.6,92,2.0,6.0
2024,10,5,0,24.5,92,13.6,8.0
2024,10,5,3,25.8,91,1.0,6.0
2024,10,5,6,28.4,83,0.0,8.0
2024,10,5,9,28.0,83,0.0,5.0
2024,10,5,12,27.2,87,0.0,5.0
2024,10,5,15,26.5,87,0.0,5.0
2024,10,5,18,25.8,89,0.0,5.0
2024,10,5,21,25.8,93,0.0,5.0
2024,10,6,0,25.8,93,0.0,5.0
2024,10,6,3,26.2,90,0.0,5.0
2024,10,6,6,27.5,88,0.0,5.0
2024,10,6,9,28.8,79,0.0,2.0
2024,10,6,12,28.4,83,0.0,2.0
2024,10,6,15,26.8,90,0.0,4.0
2024,10,6,18,25.5,87,0.0,0.0
2024,10,6,21,25.4,91,0.0,0.0
2024,10,7,0,25.6,93,0.0,0.0
2024,10,7,3,27.4,83,0.0,5.0
2024,10,7,6,31.4,68,0.0,5.0
2024,10,7,9,32.5,67,0.0,0.0
2024,10,7,12,29.5,80,0.0,0.0
2024,10,7,15,27.4,88,0.0,0.0
2024,10,7,18,25.8,93,0.0,0.0
2024,10,7,21,25.6,92,0.0,0.0
2024,10,8,0,26.0,91,0.0,0.0
2024,10,8,3,29.4,76,0.0,0.0
2024,10,8,6,33.2,64,0.0,0.0
2024,10,8,9,33.2,69,0.0,0.0
2024,10,8,12,31.0,77,0.0,0.0
2024,10,8,15,29.0,83,0.0,0.0
2024,10,8,18,27.0,90,0.0,5.0
2024,10,8,21,26.4,91,0.0,5.0
2024,10,9,0,26.4,91,0.0,5.0
2024,10,9,3,28.5,80,0.0,0.0
2024,10,9,6,30.6,78,0.0,0.0
2024,10,9,9,32.4,67,0.0,0.0
2024,10,9,12,30.0,78,0.0,0.0
2024,10,9,15,28.6,83,0.0,5.0
2024,10,9,18,27.4,87,0.0,0.0
2024,10,9,21,26.0,90,0.0,0.0
2024,10,10,0,25.6,91,0.0,0.0
2024,10,10,3,26.6,83,0.0,0.0
2024,10,10,6,31.0,69,0.0,0.0
2024,10,10,9,34.0,60,0.0,2.0
2024,10,10,12,31.4,74,0.0,2.0
2024,10,10,15,27.0,87,0.0,0.0
2024,10,10,18,26.4,88,0.0,0.0
2024,10,10,21,26.0,90,0.0,0.0
2024,10,11,0,25.6,91,0.0,0.0
2024,10,11,3,30.5,79,0.0,5.0
2024,10,11,6,35.0,56,0.0,6.0
2024,10,11,9,35.0,54,0.0,6.0
2024,10,11,12,31.2,74,0.0,2.0
2024,10,11,15,28.2,86,0.0,0.0
2024,10,11,18,26.4,91,0.0,0.0
2024,10,11,21,25.6,91,0.0,0.0
2024,10,12,0,26.2,91,0.0,0.0
2024,10,12,3,29.0,80,0.0,0.0
2024,10,12,6,32.6,59,0.0,4.0
2024,10,12,9,33.6,62,0.0,8.0
2024,10,12,12,29.6,76,0.0,0.0
2024,10,12,15,28.0,87,0.0,0.0
2024,10,12,18,26.5,92,0.0,0.0
2024,10,12,21,26.4,91,0.0,0.0
2024,10,13,0,26.2,91,0.0,0.0
2024,10,13,3,26.2,93,0.0,0.0
2024,10,13,6,31.0,71,0.0,0.0
2024,10,13,9,31.5,66,0.0,0.0
2024,10,13,12,29.5,80,0.0,0.0
2024,10,13,15,28.4,85,0.0,0.0
2024,10,13,18,26.6,93,0.0,0.0
2024,10,13,21,26.0,88,0.0,5.0
2024,10,14,0,25.0,91,0.0,5.0
2024,10,14,3,27.8,77,0.0,0.0
2024,10,14,6,30.4,69,0.0,0.0
2024,10,14,9,31.4,63,0.0,5.0
2024,10,14,12,28.6,80,0.0,0.0
2024,10,14,15,26.8,90,0.0,0.0
2024,10,14,18,26.2,91,0.0,0.0
2024,10,14,21,26.0,91,0.0,0.0
2024,10,15,0,25.6,93,0.0,0.0
2024,10,15,3,28.8,83,0.0,0.0
2024,10,15,6,31.4,67,0.0,0.0
2024,10,15,9,31.4,68,0.0,4.0
2024,10,15,12,29.4,76,0.0,2.0
2024,10,15,15,27.6,87,0.0,0.0
2024,10,15,18,26.4,91,0.0,0.0
2024,10,15,21,25.0,91,0.0,0.0
2024,10,16,0,24.8,93,0.0,0.0
2024,10,16,3,27.2,88,0.0,0.0
2024,10,16,6,30.4,69,0.0,0.0
2024,10,16,9,32.0,62,0.0,2.0
2024,10,16,12,29.8,75,0.0,0.0
2024,10,16,15,28.0,85,0.0,0.0
2024,10,16,18,27.4,87,0.0,0.0
2024,10,16,21,26.0,91,0.0,0.0
2024,10,17,0,24.8,93,0.0,0.0
2024,10,17,3,26.0,88,0.0,4.0
2024,10,17,6,30.8,71,0.0,4.0
2024,10,17,9,30.0,71,0.0,5.0
2024,10,17,12,28.2,80,0.0,0.0
2024,10,17,15,26.2,88,0.0,0.0
2024,10,17,18,25.6,91,0.0,0.0
2024,10,17,21,24.4,92,0.0,0.0
2024,10,18,0,23.8,93,0.0,5.0
2024,10,18,3,24.8,91,0.0,5.0
2024,10,18,6,29.2,71,0.0,5.0
2024,10,18,9,30.5,65,0.0,4.0
2024,10,18,12,28.5,80,0.0,0.0
2024,10,18,15,27.6,85,0.0,0.0
2024,10,18,18,26.0,91,0.0,0.0
2024,10,18,21,24.8,93,0.0,0.0
2024,10,19,0,24.6,95,0.0,0.0
2024,10,19,3,28.0,77,0.0,0.0
2024,10,19,6,30.5,65,0.0,0.0
2024,10,19,9,30.6,63,0.0,0.0
2024,10,19,12,28.0,83,0.0,0.0
2024,10,19,15,27.0,88,0.0,0.0
2024,10,19,18,26.2,90,0.0,0.0
2024,10,19,21,24.2,90,0.0,0.0
2024,10,20,0,23.5,91,0.0,0.0
2024,10,20,3,26.0,78,0.0,5.0
2024,10,20,6,30.2,63,0.0,5.0
2024,10,20,9,31.2,58,0.0,2.0
2024,10,20,12,29.2,71,0.0,2.0
2024,10,20,15,26.0,88,0.0,0.0
2024,10,20,18,25.4,89,0.0,0.0
2024,10,20,21,24.4,89,0.0,0.0
2024,10,21,0,23.8,89,0.0,0.0
2024,10,21,3,28.0,64,0.0,5.0
2024,10,21,6,31.0,47,0.0,6.0
2024,10,21,9,31.8,52,0.0,5.0
2024,10,21,12,28.8,70,0.0,2.0
2024,10,21,15,27.2,77,0.0,0.0
2024,10,21,18,26.0,82,0.0,0.0
2024,10,21,21,24.2,86,0.0,0.0
2024,10,22,0,23.4,81,0.0,0.0
2024,10,22,3,28.0,56,0.0,6.0
2024,10,22,6,31.6,57,0.0,6.0
2024,10,22,9,32.8,50,0.0,6.0
2024,10,22,12,29.0,68,0.0,0.0
2024,10,22,15,27.0,83,0.0,0.0
2024,10,22,18,26.0,87,0.0,0.0
2024,10,22,21,25.6,82,0.0,0.0
2024,10,23,0,24.4,81,0.0,0.0
2024,10,23,3,29.0,62,0.0,5.0
2024,10,23,6,32.4,61,0.0,6.0
2024,10,23,9,33.4,60,0.0,6.0
2024,10,23,12,25.5,96,15.0,5.0
2024,10,23,15,26.4,88,0.0,4.0
2024,10,23,18,25.0,91,0.0,4.0
2024,10,23,21,24.8,91,0.0,5.0
2024,10,24,0,24.6,92,0.0,5.0
2024,10,24,3,26.0,87,0.0,0.0
2024,10,24,6,27.8,75,0.0,0.0
2024,10,24,9,26.4,79,1.0,5.0
2024,10,24,12,25.0,74,0.0,8.0
2024,10,24,15,23.0,86,1.0,8.0
2024,10,24,18,22.8,87,0.0,6.0
2024,10,24,21,22.2,91,1.8,5.0
2024,10,25,0,22.0,92,2.2,5.0
2024,10,25,3,24.2,91,2.4,6.0
2024,10,25,6,26.4,79,0.0,6.0
2024,10,25,9,25.5,80,0.0,8.0
2024,10,25,12,24.4,84,0.0,6.0
2024,10,25,15,23.0,88,0.0,6.0
2024,10,25,18,23.0,86,0.0,5.0
2024,10,25,21,22.6,91,0.2,5.0
2024,10,26,0,23.0,93,0.4,5.0
2024,10,26,3,24.5,87,0.0,6.0
2024,10,26,6,25.0,88,0.2,5.0
2024,10,26,9,26.2,82,0.0,4.0
2024,10,26,12,24.2,91,0.0,2.0
2024,10,26,15,23.2,91,0.0,2.0
2024,10,26,18,23.0,91,0.0,2.0
2024,10,26,21,23.0,91,0.0,2.0
2024,10,27,0,23.0,93,0.0,0.0
2024,10,27,3,26.6,82,0.0,4.0
2024,10,27,6,30.5,66,0.0,4.0
2024,10,27,9,33.0,59,0.0,5.0
2024,10,27,12,28.8,80,0.0,0.0
2024,10,27,15,26.2,90,0.0,0.0
2024,10,27,18,26.0,91,0.0,0.0
2024,10,27,21,25.0,91,0.0,0.0
2024,10,28,0,24.0,91,0.0,0.0
2024,10,28,3,28.0,75,0.0,0.0
2024,10,28,6,31.8,55,0.0,0.0
2024,10,28,9,33.6,55,0.0,5.0
2024,10,28,12,28.0,79,0.0,0.0
2024,10,28,15,26.6,88,0.0,0.0
2024,10,28,18,26.0,91,0.0,0.0
2024,10,28,21,25.5,91,0.0,0.0
2024,10,29,0,25.0,93,0.0,0.0
2024,10,29,3,27.2,87,0.0,0.0
2024,10,29,6,33.0,60,0.0,4.0
2024,10,29,9,27.7,78,3.6,5.0
2024,10,29,12,26.5,83,0.0,0.0
2024,10,29,15,25.0,88,0.0,0.0
2024,10,29,18,24.5,91,0.0,0.0
2024,10,29,21,24.2,92,0.0,0.0
2024,10,30,0,24.5,93,0.0,0.0
2024,10,30,3,26.5,87,0.0,0.0
2024,10,30,6,30.0,76,0.0,0.0
2024,10,30,9,33.6,58,0.0,5.0
2024,10,30,12,30.4,73,0.0,2.0
2024,10,30,15,27.0,90,0.0,0.0
2024,10,30,18,25.8,93,0.0,0.0
2024,10,30,21,25.2,93,0.0,0.0
2024,10,31,0,25.0,95,0.0,0.0
2024,10,31,3,28.5,81,0.0,0.0
2024,10,31,6,31.4,67,0.0,0.0
2024,10,31,9,32.2,62,0.0,4.0
2024,10,31,12,29.8,76,0.0,0.0
2024,10,31,15,27.2,88,0.0,0.0
2024,10,31,18,26.2,91,0.0,2.0
2024,10,31,21,25.4,93,0.0,0.0
2024,11,1,0,25.0,93,0.0,0.0
2024,11,1,3,26.5,87,0.0,0.0
2024,11,1,6,29.4,76,0.0,0.0
2024,11,1,9,29.8,72,0.0,5.0
2024,11,1,12,27.0,85,0.0,0.0
2024,11,1,15,26.4,88,0.0,0.0
2024,11,1,18,25.8,91,0.0,0.0
2024,11,1,21,24.4,91,0.0,0.0
2024,11,2,0,23.0,95,0.0,0.0
2024,11,2,3,25.0,87,0.0,6.0
2024,11,2,6,28.4,78,0.0,4.0
2024,11,2,9,29.5,69,0.0,4.0
2024,11,2,12,26.8,85,0.0,0.0
2024,11,2,15,25.0,91,0.0,0.0
2024,11,2,18,23.8,93,0.0,0.0
2024,11,2,21,23.8,93,0.0,0.0
2024,11,3,0,23.6,94,0.0,0.0
2024,11,3,3,26.0,82,0.0,5.0
2024,11,3,6,30.4,69,0.0,0.0
2024,11,3,9,31.6,63,0.0,0.0
2024,11,3,12,27.8,81,0.0,0.0
2024,11,3,15,26.0,87,0.0,0.0
2024,11,3,18,25.0,89,0.0,0.0
2024,11,3,21,24.0,91,0.0,0.0
2024,11,4,0,23.0,94,0.0,0.0
2024,11,4,3,25.0,89,0.0,0.0
2024,11,4,6,29.6,72,0.0,0.0
2024,11,4,9,31.4,53,0.0,0.0
2024,11,4,12,28.4,72,0.0,0.0
2024,11,4,15,26.2,82,0.0,0.0
2024,11,4,18,24.8,89,0.0,0.0
2024,11,4,21,23.2,90,0.0,0.0
2024,11,5,0,22.5,91,0.0,0.0
2024,11,5,3,27.8,63,0.0,5.0
2024,11,5,6,30.6,60,0.0,6.0
2024,11,5,9,31.6,57,0.0,5.0
2024,11,5,12,28.8,74,0.0,0.0
2024,11,5,15,26.5,86,0.0,0.0
2024,11,5,18,25.2,89,0.0,0.0
2024,11,5,21,23.4,92,0.0,0.0
2024,11,6,0,22.4,91,0.0,0.0
2024,11,6,3,28.4,62,0.0,0.0
2024,11,6,6,30.2,57,0.0,5.0
2024,11,6,9,31.0,56,0.0,0.0
2024,11,6,12,28.2,66,0.0,0.0
2024,11,6,15,24.5,87,0.0,0.0
2024,11,6,18,24.0,91,0.0,0.0
2024,11,6,21,23.0,91,0.0,0.0
2024,11,7,0,21.5,93,0.0,0.0
2024,11,7,3,27.4,72,0.0,0.0
2024,11,7,6,30.6,53,0.0,0.0
2024,11,7,9,30.8,52,0.0,5.0
2024,11,7,12,27.0,79,0.0,0.0
2024,11,7,15,24.8,86,0.0,0.0
2024,11,7,18,23.8,87,0.0,0.0
2024,11,7,21,23.0,91,0.0,0.0
2024,11,8,0,22.0,92,0.0,0.0
2024,11,8,3,26.4,70,0.0,5.0
2024,11,8,6,29.5,56,0.0,5.0
2024,11,8,9,31.0,47,0.0,5.0
2024,11,8,12,26.2,73,0.0,0.0
2024,11,8,15,24.4,78,0.0,0.0
2024,11,8,18,24.0,80,0.0,0.0
2024,11,8,21,22.4,87,0.0,0.0
2024,11,9,0,21.0,90,0.0,0.0
2024,11,9,3,26.0,70,0.0,6.0
2024,11,9,6,31.0,50,0.0,6.0
2024,11,9,9,31.5,48,0.0,2.0
2024,11,9,12,27.5,72,0.0,0.0
2024,11,9,15,25.2,80,0.0,0.0
2024,11,9,18,24.0,87,0.0,0.0
2024,11,9,21,22.4,87,0.0,0.0
2024,11,10,0,21.0,90,0.0,0.0
2024,11,10,3,25.2,71,0.0,5.0
2024,11,10,6,30.0,55,0.0,5.0
2024,11,10,9,30.4,52,0.0,4.0
2024,11,10,12,27.0,70,0.0,0.0
2024,11,10,15,25.0,80,0.0,0.0
2024,11,10,18,24.0,81,0.0,0.0
2024,11,10,21,22.2,89,0.0,0.0
2024,11,11,0,21.2,92,0.0,0.0
2024,11,11,3,25.8,74,0.0,0.0
2024,11,11,6,32.0,51,0.0,0.0
2024,11,11,9,31.4,47,0.0,5.0
2024,11,11,12,26.5,75,0.0,0.0
2024,11,11,15,23.8,87,0.0,0.0
2024,11,11,18,23.2,91,0.0,0.0
2024,11,11,21,22.0,91,0.0,0.0
2024,11,12,0,21.0,92,0.0,0.0
2024,11,12,3,26.2,73,0.0,0.0
2024,11,12,6,30.5,50,0.0,0.0
2024,11,12,9,32.0,44,0.0,0.0
2024,11,12,12,27.6,66,0.0,0.0
2024,11,12,15,24.0,87,0.0,0.0
2024,11,12,18,23.0,89,0.0,0.0
2024,11,12,21,22.0,91,0.0,0.0
2024,11,13,0,21.0,91,0.0,0.0
2024,11,13,3,23.5,85,0.0,0.0
2024,11,13,6,27.4,75,0.0,0.0
2024,11,13,9,30.4,50,0.0,0.0
2024,11,13,12,25.6,82,0.0,0.0
2024,11,13,15,24.0,91,0.0,0.0
2024,11,13,18,22.6,94,0.0,0.0
2024,11,13,21,21.8,94,0.0,0.0
2024,11,14,0,21.0,94,0.0,0.0
2024,11,14,3,22.0,92,0.0,0.0
2024,11,14,6,30.0,69,0.0,0.0
2024,11,14,9,30.2,57,0.0,0.0
2024,11,14,12,26.6,76,0.0,0.0
2024,11,14,15,24.2,91,0.0,0.0
2024,11,14,18,23.4,93,0.0,0.0
2024,11,14,21,20.4,92,0.0,0.0
2024,11,15,0,19.8,92,0.0,0.0
2024,11,15,3,23.0,91,0.0,0.0
2024,11,15,6,29.0,60,0.0,0.0
2024,11,15,9,30.5,53,0.0,0.0
2024,11,15,12,26.0,78,0.0,2.0
2024,11,15,15,24.5,87,0.0,0.0
2024,11,15,18,23.2,94,0.0,0.0
2024,11,15,21,21.0,90,0.0,0.0
2024,11,16,0,19.8,94,0.0,0.0
2024,11,16,3,20.4,94,0.0,0.0
2024,11,16,6,28.0,56,0.0,4.0
2024,11,16,9,29.2,57,0.0,5.0
2024,11,16,12,23.5,77,0.0,5.0
2024,11,16,15,20.4,91,0.0,0.0
2024,11,16,18,19.6,94,0.0,0.0
2024,11,16,21,17.2,95,0.0,0.0
2024,11,17,0,16.4,96,0.0,0.0
2024,11,17,3,21.4,87,0.0,0.0
2024,11,17,6,28.4,48,0.0,0.0
2024,11,17,9,30.2,44,0.0,0.0
2024,11,17,12,25.5,73,0.0,0.0
2024,11,17,15,24.2,78,0.0,0.0
2024,11,17,18,22.4,87,0.0,0.0
2024,11,17,21,19.4,92,0.0,0.0
2024,11,18,0,18.0,95,0.0,0.0
2024,11,18,3,22.4,83,0.0,0.0
2024,11,18,6,29.4,58,0.0,0.0
2024,11,18,9,29.0,56,0.0,0.0
2024,11,18,12,24.2,80,0.0,0.0
2024,11,18,15,22.0,91,0.0,0.0
2024,11,18,18,21.0,92,0.0,0.0
2024,11,18,21,20.2,92,0.0,0.0
2024,11,19,0,19.5,92,0.0,0.0
2024,11,19,3,23.5,69,0.0,0.0
2024,11,19,6,30.4,52,0.0,5.0
2024,11,19,9,29.5,55,0.0,0.0
2024,11,19,12,24.4,78,0.0,0.0
2024,11,19,15,22.4,87,0.0,0.0
2024,11,19,18,21.4,90,0.0,0.0
2024,11,19,21,19.8,90,0.0,0.0
2024,11,20,0,19.0,90,0.0,5.0
2024,11,20,3,25.0,59,0.0,5.0
2024,11,20,6,28.6,48,0.0,6.0
2024,11,20,9,30.0,42,0.0,4.0
2024,11,20,12,24.4,70,0.0,0.0
2024,11,20,15,22.5,81,0.0,0.0
2024,11,20,18,21.5,86,0.0,0.0
2024,11,20,21,19.2,90,0.0,0.0
2024,11,21,0,18.6,90,0.0,0.0
2024,11,21,3,23.0,63,0.0,0.0
2024,11,21,6,28.5,43,0.0,8.0
2024,11,21,9,30.0,42,0.0,4.0
2024,11,21,12,24.8,69,0.0,0.0
2024,11,21,15,21.5,86,0.0,0.0
2024,11,21,18,20.5,86,0.0,0.0
2024,11,21,21,20.0,90,0.0,0.0
2024,11,22,0,19.0,92,0.0,0.0
2024,11,22,3,22.2,72,0.0,0.0
2024,11,22,6,28.5,46,0.0,5.0
2024,11,22,9,29.6,41,0.0,0.0
2024,11,22,12,24.4,66,0.0,0.0
2024,11,22,15,19.6,88,0.0,0.0
2024,11,22,18,18.5,90,0.0,0.0
2024,11,22,21,18.0,92,0.0,0.0
2024,11,23,0,17.5,92,0.0,0.0
2024,11,23,3,20.5,86,0.0,0.0
2024,11,23,6,28.8,54,0.0,0.0
2024,11,23,9,27.5,51,0.0,0.0
2024,11,23,12,24.0,75,0.0,0.0
2024,11,23,15,21.6,89,0.0,0.0
2024,11,23,18,19.0,95,0.0,0.0
2024,11,23,21,17.6,92,0.0,0.0
2024,11,24,0,17.0,89,0.0,0.0
2024,11,24,3,18.6,84,0.0,5.0
2024,11,24,6,27.6,60,0.0,5.0
2024,11,24,9,28.6,45,0.0,4.0
2024,11,24,12,24.2,71,0.0,0.0
2024,11,24,15,21.8,85,0.0,0.0
2024,11,24,18,19.8,87,0.0,0.0
2024,11,24,21,16.8,92,0.0,0.0
2024,11,25,0,15.5,94,0.0,0.0
2024,11,25,3,20.5,82,0.0,0.0
2024,11,25,6,26.4,57,0.0,0.0
2024,11,25,9,26.5,57,0.0,0.0
2024,11,25,12,22.8,81,0.0,0.0
2024,11,25,15,19.8,88,0.0,0.0
2024,11,25,18,19.4,90,0.0,0.0
2024,11,25,21,18.0,89,0.0,0.0
2024,11,26,0,16.6,93,0.0,0.0
2024,11,26,3,21.8,77,0.0,0.0
2024,11,26,6,27.7,52,0.0,5.0
2024,11,26,9,28.0,44,0.0,4.0
2024,11,26,12,23.5,72,0.0,0.0
2024,11,26,15,20.5,86,0.0,0.0
2024,11,26,18,19.5,90,0.0,0.0
2024,11,26,21,18.6,90,0.0,0.0
2024,11,27,0,17.5,92,0.0,0.0
2024,11,27,3,22.2,70,0.0,0.0
2024,11,27,6,30.2,57,0.0,0.0
2024,11,27,9,29.0,40,0.0,5.0
2024,11,27,12,23.0,72,0.0,0.0
2024,11,27,15,20.5,86,0.0,0.0
2024,11,27,18,19.5,91,0.0,0.0
2024,11,27,21,17.8,91,0.0,0.0
2024,11,28,0,17.0,91,0.0,0.0
2024,11,28,3,22.0,58,0.0,5.0
2024,11,28,6,28.0,49,0.0,6.0
2024,11,28,9,29.4,47,0.0,6.0
2024,11,28,12,23.5,73,0.0,2.0
2024,11,28,15,21.4,80,0.0,0.0
2024,11,28,18,19.8,92,0.0,0.0
2024,11,28,21,18.0,84,0.0,0.0
2024,11,29,0,16.5,84,0.0,0.0
2024,11,29,3,22.0,80,0.0,5.0
2024,11,29,6,28.0,40,0.0,8.0
2024,11,29,9,29.6,36,0.0,3.0
2024,11,29,12,23.6,71,0.0,0.0
2024,11,29,15,19.0,86,0.0,0.0
2024,11,29,18,20.4,84,0.0,0.0
2024,11,29,21,18.0,89,0.0,0.0
2024,11,30,0,15.4,93,0.0,0.0
2024,11,30,3,21.0,58,0.0,5.0
2024,11,30,6,28.0,40,0.0,5.0
2024,11,30,9,29.5,36,0.0,5.0
2024,11,30,12,22.4,68,0.0,0.0
2024,11,30,15,19.0,85,0.0,0.0
2024,11,30,18,18.6,86,0.0,0.0
2024,11,30,21,16.0,89,0.0,0.0
2024,12,1,0,14.8,93,0.0,0.0
2024,12,1,3,20.6,61,0.0,0.0
2024,12,1,6,29.4,60,0.0,5.0
2024,12,1,9,27.0,40,0.0,4.0
2024,12,1,12,20.6,80,0.0,0.0
2024,12,1,15,18.4,88,0.0,0.0
2024,12,1,18,18.0,89,0.0,0.0
2024,12,1,21,15.4,92,0.0,0.0
2024,12,2,0,14.0,94,0.0,0.0
2024,12,2,3,20.0,70,0.0,0.0
2024,12,2,6,28.4,53,0.0,5.0
2024,12,2,9,28.5,39,0.0,2.0
2024,12,2,12,21.4,74,0.0,0.0
2024,12,2,15,18.8,86,0.0,0.0
2024,12,2,18,17.6,92,0.0,0.0
2024,12,2,21,15.8,92,0.0,0.0
2024,12,3,0,14.6,94,0.0,0.0
2024,12,3,3,20.8,55,0.0,0.0
2024,12,3,6,27.5,42,0.0,0.0
2024,12,3,9,29.0,41,0.0,2.0
2024,12,3,12,21.4,76,0.0,0.0
2024,12,3,15,19.6,84,0.0,0.0
2024,12,3,18,18.0,85,0.0,0.0
2024,12,3,21,15.6,87,0.0,0.0
2024,12,4,0,15.4,91,0.0,0.0
2024,12,4,3,20.0,79,0.0,0.0
2024,12,4,6,26.4,53,0.0,0.0
2024,12,4,9,27.2,48,0.0,0.0
2024,12,4,12,21.6,80,0.0,0.0
2024,12,4,15,19.0,90,0.0,0.0
2024,12,4,18,18.2,92,0.0,0.0
2024,12,4,21,16.2,93,0.0,0.0
2024,12,5,0,15.5,94,0.0,0.0
2024,12,5,3,18.8,90,0.0,0.0
2024,12,5,6,25.8,53,0.0,0.0
2024,12,5,9,27.4,44,0.0,2.0
2024,12,5,12,22.2,75,0.0,0.0
2024,12,5,15,19.4,88,0.0,0.0
2024,12,5,18,18.2,92,0.0,0.0
2024,12,5,21,14.8,93,0.0,0.0
2024,12,6,0,13.5,94,0.0,0.0
2024,12,6,3,17.2,87,0.0,0.0
2024,12,6,6,24.6,56,0.0,5.0
2024,12,6,9,26.2,46,0.0,2.0
2024,12,6,12,21.0,75,0.0,0.0
2024,12,6,15,16.8,91,0.0,0.0
2024,12,6,18,16.0,93,0.0,0.0
2024,12,6,21,14.0,88,0.0,0.0
2024,12,7,0,12.5,91,0.0,0.0
2024,12,7,3,16.6,83,0.0,0.0
2024,12,7,6,25.2,43,0.0,0.0
2024,12,7,9,26.0,41,0.0,0.0
2024,12,7,12,20.8,71,0.0,0.0
2024,12,7,15,17.0,89,0.0,0.0
2024,12,7,18,16.2,93,0.0,0.0
2024,12,7,21,16.0,96,0.0,0.0
2024,12,8,0,15.8,97,0.0,0.0
2024,12,8,3,16.5,95,0.0,0.0
2024,12,8,6,23.0,68,0.0,0.0
2024,12,8,9,25.0,61,0.0,0.0
2024,12,8,12,20.8,83,0.0,0.0
2024,12,8,15,17.4,91,0.0,0.0
2024,12,8,18,16.8,91,0.0,0.0
2024,12,8,21,15.8,93,0.0,0.0
2024,12,9,0,15.0,95,0.0,0.0
2024,12,9,3,16.5,95,0.0,0.0
2024,12,9,6,19.6,86,0.0,0.0
2024,12,9,9,21.4,78,0.0,2.0
2024,12,9,12,17.4,89,0.0,0.0
2024,12,9,15,15.0,95,0.0,0.0
2024,12,9,18,14.5,95,0.0,0.0
2024,12,9,21,15.2,95,0.0,0.0
2024,12,10,0,16.0,94,0.0,0.0
2024,12,10,3,16.6,93,0.0,0.0
2024,12,10,6,19.6,74,0.0,0.0
2024,12,10,9,22.2,66,0.0,2.0
2024,12,10,12,18.2,81,0.0,0.0
2024,12,10,15,16.0,90,0.0,0.0
2024,12,10,18,15.0,93,0.0,0.0
2024,12,10,21,15.0,94,0.0,0.0
2024,12,11,0,15.0,95,0.0,0.0
2024,12,11,3,16.6,95,0.0,0.0
2024,12,11,6,19.5,79,0.0,0.0
2024,12,11,9,22.6,69,0.0,5.0
2024,12,11,12,17.4,85,0.0,5.0
2024,12,11,15,16.0,89,0.0,2.0
2024,12,11,18,15.6,89,0.0,0.0
2024,12,11,21,15.4,91,0.0,0.0
2024,12,12,0,15.4,92,0.0,0.0
2024,12,12,3,16.0,95,0.0,0.0
2024,12,12,6,19.0,85,0.0,5.0
2024,12,12,9,23.2,63,0.0,5.0
2024,12,12,12,19.6,84,0.0,0.0
2024,12,12,15,17.0,87,0.0,0.0
2024,12,12,18,15.8,87,0.0,0.0
2024,12,12,21,13.4,91,0.0,0.0
2024,12,13,0,12.5,94,0.0,0.0
2024,12,13,3,16.8,85,0.0,0.0
2024,12,13,6,21.0,71,0.0,0.0
2024,12,13,9,25.8,47,0.0,0.0
2024,12,13,12,21.0,71,0.0,5.0
2024,12,13,15,18.5,85,0.0,0.0
2024,12,13,18,16.0,89,0.0,0.0
2024,12,13,21,14.0,91,0.0,0.0
2024,12,14,0,12.8,93,0.0,0.0
2024,12,14,3,15.6,82,0.0,2.0
2024,12,14,6,21.4,55,0.0,2.0
2024,12,14,9,26.0,47,0.0,0.0
2024,12,14,12,21.2,69,0.0,0.0
2024,12,14,15,17.3,90,0.0,0.0
2024,12,14,18,14.5,95,0.0,0.0
2024,12,14,21,13.0,95,0.0,0.0
2024,12,15,0,13.0,95,0.0,0.0
2024,12,15,3,17.4,80,0.0,0.0
2024,12,15,6,25.8,47,0.0,8.0
2024,12,15,9,26.8,45,0.0,5.0
2024,12,15,12,21.4,68,0.0,2.0
2024,12,15,15,18.0,87,0.0,0.0
2024,12,15,18,17.2,89,0.0,0.0
2024,12,15,21,15.0,89,0.0,0.0
2024,12,16,0,14.0,91,0.0,0.0
2024,12,16,3,19.8,67,0.0,5.0
2024,12,16,6,27.0,52,0.0,6.0
2024,12,16,9,28.0,37,0.0,6.0
2024,12,16,12,24.0,54,0.0,3.0
2024,12,16,15,19.0,75,0.0,4.0
2024,12,16,18,17.0,89,0.0,0.0
2024,12,16,21,15.0,89,0.0,0.0
2024,12,17,0,13.4,90,0.0,0.0
2024,12,17,3,18.0,73,0.0,0.0
2024,12,17,6,25.5,55,0.0,6.0
2024,12,17,9,27.2,40,0.0,0.0
2024,12,17,12,20.6,71,0.0,0.0
2024,12,17,15,17.5,78,0.0,0.0
2024,12,17,18,16.4,85,0.0,0.0
2024,12,17,21,15.2,89,0.0,0.0
2024,12,18,0,14.2,91,0.0,0.0
2024,12,18,3,18.2,71,0.0,4.0
2024,12,18,6,25.6,43,0.0,5.0
2024,12,18,9,27.6,37,0.0,5.0
2024,12,18,12,21.0,71,0.0,0.0
2024,12,18,15,18.0,78,0.0,0.0
2024,12,18,18,16.2,87,0.0,0.0
2024,12,18,21,15.6,91,0.0,0.0
2024,12,19,0,14.2,93,0.0,0.0
2024,12,19,3,19.4,71,0.0,0.0
2024,12,19,6,26.8,38,0.0,2.0
2024,12,19,9,27.4,40,0.0,2.0
2024,12,19,12,22.2,66,0.0,0.0
2024,12,19,15,17.8,86,0.0,0.0
2024,12,19,18,16.0,89,0.0,0.0
2024,12,19,21,14.4,91,0.0,0.0
2024,12,20,0,13.6,93,0.0,0.0
2024,12,20,3,18.0,84,0.0,0.0
2024,12,20,6,26.4,62,0.0,5.0
2024,12,20,9,28.0,40,0.0,0.0
2024,12,20,12,23.0,63,0.0,0.0
2024,12,20,15,17.6,89,0.0,0.0
2024,12,20,18,15.2,91,0.0,0.0
2024,12,20,21,14.2,91,0.0,0.0
2024,12,21,0,14.0,91,0.0,0.0
2024,12,21,3,16.8,84,0.0,0.0
2024,12,21,6,26.0,58,0.0,0.0
2024,12,21,9,28.0,40,0.0,0.0
2024,12,21,12,22.0,62,0.0,0.0
2024,12,21,15,18.5,87,0.0,0.0
2024,12,21,18,17.2,89,0.0,0.0
2024,12,21,21,16.0,91,0.0,0.0
2024,12,22,0,14.6,91,0.0,0.0
2024,12,22,3,17.0,89,0.0,0.0
2024,12,22,6,25.0,54,0.0,0.0
2024,12,22,9,26.0,51,0.0,0.0
2024,12,22,12,21.0,71,0.0,0.0
2024,12,22,15,18.0,84,0.0,0.0
2024,12,22,18,16.5,86,0.0,0.0
2024,12,22,21,15.4,91,0.0,0.0
2024,12,23,0,14.0,93,0.0,0.0
2024,12,23,3,17.2,87,0.0,0.0
2024,12,23,6,25.0,54,0.0,5.0
2024,12,23,9,26.4,45,0.0,5.0
2024,12,23,12,21.2,69,0.0,0.0
2024,12,23,15,17.0,89,0.0,0.0
2024,12,23,18,16.4,89,0.0,0.0
2024,12,23,21,15.0,91,0.0,0.0
2024,12,24,0,13.4,90,0.0,0.0
2024,12,24,3,19.5,77,0.0,5.0
2024,12,24,6,25.0,46,0.0,5.0
2024,12,24,9,26.2,41,0.0,4.0
2024,12,24,12,20.8,73,0.0,0.0
2024,12,24,15,17.6,86,0.0,0.0
2024,12,24,18,16.0,91,0.0,0.0
2024,12,24,21,15.0,92,0.0,0.0
2024,12,25,0,13.5,94,0.0,0.0
2024,12,25,3,18.2,72,0.0,0.0
2024,12,25,6,26.0,44,0.0,0.0
2024,12,25,9,27.1,41,0.0,0.0
2024,12,25,12,22.0,67,0.0,0.0
2024,12,25,15,17.4,85,0.0,0.0
2024,12,25,18,16.4,90,0.0,0.0
2024,12,25,21,14.8,91,0.0,0.0
2024,12,26,0,13.6,93,0.0,0.0
2024,12,26,3,18.0,73,0.0,5.0
2024,12,26,6,26.0,44,0.0,0.0
2024,12,26,9,27.2,37,0.0,0.0
2024,12,26,12,21.4,71,0.0,0.0
2024,12,26,15,17.2,87,0.0,0.0
2024,12,26,18,16.0,89,0.0,0.0
2024,12,26,21,14.8,91,0.0,0.0
2024,12,27,0,13.5,94,0.0,0.0
2024,12,27,3,17.8,75,0.0,0.0
2024,12,27,6,25.8,45,0.0,5.0
2024,12,27,9,27.0,42,0.0,5.0
2024,12,27,12,21.0,71,0.0,0.0
2024,12,27,15,17.0,89,0.0,0.0
2024,12,27,18,16.2,89,0.0,0.0
2024,12,27,21,14.0,93,0.0,0.0
2024,12,28,0,13.0,95,0.0,0.0
2024,12,28,3,19.4,67,0.0,5.0
2024,12,28,6,26.0,45,0.0,5.0
2024,12,28,9,27.5,38,0.0,5.0
2024,12,28,12,21.2,69,0.0,0.0
2024,12,28,15,17.2,87,0.0,0.0
2024,12,28,18,16.2,89,0.0,0.0
2024,12,28,21,14.6,91,0.0,0.0
2024,12,29,0,15.2,92,0.0,0.0
2024,12,29,3,19.6,78,0.0,4.0
2024,12,29,6,27.0,41,0.0,0.0
2024,12,29,9,28.4,37,0.0,5.0
2024,12,29,12,22.0,72,0.0,0.0
2024,12,29,15,18.6,79,0.0,0.0
2024,12,29,18,16.8,87,0.0,5.0
2024,12,29,21,15.4,90,0.0,0.0
2024,12,30,0,14.8,92,0.0,5.0
2024,12,30,3,17.0,93,0.0,5.0
2024,12,30,6,21.0,76,0.0,5.0
2024,12,30,9,24.4,58,0.0,8.0
2024,12,30,12,19.6,78,0.0,6.0
2024,12,30,15,16.5,89,0.0,5.0
2024,12,30,18,15.6,91,0.0,5.0
2024,12,30,21,14.4,93,0.0,5.0
2024,12,31,0,13.5,93,0.0,5.0
2024,12,31,3,14.5,94,0.0,5.0
2024,12,31,6,18.0,85,0.0,5.0
2024,12,31,9,20.0,75,0.0,5.0
2024,12,31,12,18.0,87,0.0,0.0
2024,12,31,15,16.5,88,0.0,0.0
2024,12,31,18,15.5,90,0.0,0.0
2024,12,31,21,14.4,93,0.0,5.0
